597998
597999
598000
598001
598002
598003
598004
598005
598048
598006
598007
598008
598009
598010
598011
598012
598013
598014
598015
598016
598017
598018
598019
598020
598021
598022
598023
598024
598025
598026
598027
598059
598029
598030
598031
598032
598033
598034
598035
598036
598037
598038
598039
598040
598041
598042
598043
598044
598046
598047
598064
598049
598050
598051
598052
598053
598054
598055
598056
598057
598058
598060
598045
598062
598061
598063
598028
598065
598066
598068
598067
598069
598070
598071
598072
598073
