0.0,100.0,0.0,0.0,0.0,0.0,0.0,0.0
110.526315789,57.8947368421,15.7894736842,5.26315789474,0.0,21.0526315789,0.0,0.0
126.923076923,34.6153846154,42.3076923077,5.76923076923,0.0,15.3846153846,0.0,1.92307692308
88.8888888889,44.4444444444,44.4444444444,0.0,0.0,11.1111111111,0.0,0.0
100.0,33.3333333333,55.5555555556,0.0,0.0,11.1111111111,0.0,0.0
116.666666667,50.0,16.6666666667,16.6666666667,0.0,16.6666666667,0.0,0.0
57.1428571429,42.8571428571,57.1428571429,0.0,0.0,0.0,0.0,0.0
50.0,62.5,25.0,12.5,0.0,0.0,0.0,0.0
50.0,62.5,25.0,12.5,0.0,0.0,0.0,0.0
0.0,100.0,0.0,0.0,0.0,0.0,0.0,0.0
44.4444444444,88.8888888889,0.0,0.0,0.0,11.1111111111,0.0,0.0
141.379310345,31.0344827586,44.8275862069,3.44827586207,0.0,17.2413793103,0.0,3.44827586207
115.0,60.0,15.0,0.0,0.0,25.0,0.0,0.0
100.0,34.7826086957,47.8260869565,8.69565217391,0.0,8.69565217391,0.0,0.0
93.3333333333,33.3333333333,53.3333333333,6.66666666667,0.0,6.66666666667,0.0,0.0
112.5,31.25,50.0,12.5,0.0,0.0,0.0,6.25
0.0,100.0,0.0,0.0,0.0,0.0,0.0,0.0
110.526315789,57.8947368421,15.7894736842,5.26315789474,0.0,21.0526315789,0.0,0.0
126.923076923,34.6153846154,42.3076923077,5.76923076923,0.0,15.3846153846,0.0,1.92307692308
88.8888888889,44.4444444444,44.4444444444,0.0,0.0,11.1111111111,0.0,0.0
100.0,33.3333333333,55.5555555556,0.0,0.0,11.1111111111,0.0,0.0
116.666666667,50.0,16.6666666667,16.6666666667,0.0,16.6666666667,0.0,0.0
57.1428571429,42.8571428571,57.1428571429,0.0,0.0,0.0,0.0,0.0
50.0,62.5,25.0,12.5,0.0,0.0,0.0,0.0
50.0,62.5,25.0,12.5,0.0,0.0,0.0,0.0
0.0,100.0,0.0,0.0,0.0,0.0,0.0,0.0
44.4444444444,88.8888888889,0.0,0.0,0.0,11.1111111111,0.0,0.0
141.379310345,31.0344827586,44.8275862069,3.44827586207,0.0,17.2413793103,0.0,3.44827586207
115.0,60.0,15.0,0.0,0.0,25.0,0.0,0.0
100.0,34.7826086957,47.8260869565,8.69565217391,0.0,8.69565217391,0.0,0.0
93.3333333333,33.3333333333,53.3333333333,6.66666666667,0.0,6.66666666667,0.0,0.0
112.5,31.25,50.0,12.5,0.0,0.0,0.0,6.25
158.620689655,43.1034482759,27.5862068966,1.72413793103,0.0,18.9655172414,0.0,8.62068965517
0.0,100.0,0.0,0.0,0.0,0.0,0.0,0.0
171.428571429,50.0,14.2857142857,0.0,0.0,28.5714285714,0.0,7.14285714286
20.0,80.0,20.0,0.0,0.0,0.0,0.0,0.0
30.7692307692,69.2307692308,30.7692307692,0.0,0.0,0.0,0.0,0.0
0.0,100.0,0.0,0.0,0.0,0.0,0.0,0.0
100.0,47.3684210526,36.8421052632,0.0,0.0,15.7894736842,0.0,0.0
84.8484848485,51.5151515152,30.303030303,12.1212121212,0.0,3.0303030303,0.0,3.0303030303
121.052631579,47.3684210526,26.3157894737,5.26315789474,0.0,21.0526315789,0.0,0.0
162.162162162,21.6216216216,54.0540540541,5.40540540541,0.0,8.10810810811,0.0,10.8108108108
100.0,45.4545454545,27.2727272727,18.1818181818,0.0,9.09090909091,0.0,0.0
100.0,27.7777777778,55.5555555556,11.1111111111,0.0,5.55555555556,0.0,0.0
250.0,0.0,50.0,0.0,0.0,50.0,0.0,0.0
100.0,0.0,100.0,0.0,0.0,0.0,0.0,0.0
90.0,30.0,63.3333333333,0.0,0.0,6.66666666667,0.0,0.0
105.555555556,55.5555555556,16.6666666667,11.1111111111,0.0,16.6666666667,0.0,0.0
93.75,43.75,43.75,0.0,0.0,12.5,0.0,0.0
55.5555555556,55.5555555556,33.3333333333,11.1111111111,0.0,0.0,0.0,0.0
166.666666667,27.7777777778,33.3333333333,16.6666666667,0.0,16.6666666667,0.0,5.55555555556
91.6666666667,50.0,25.0,16.6666666667,0.0,8.33333333333,0.0,0.0
175.0,0.0,75.0,0.0,0.0,25.0,0.0,0.0
100.0,0.0,100.0,0.0,0.0,0.0,0.0,0.0
109.090909091,54.5454545455,18.1818181818,13.6363636364,0.0,9.09090909091,0.0,4.54545454545
51.724137931,58.6206896552,34.4827586207,3.44827586207,3.44827586207,0.0,0.0,0.0
55.5555555556,77.7777777778,11.1111111111,0.0,0.0,11.1111111111,0.0,0.0
40.0,60.0,40.0,0.0,0.0,0.0,0.0,0.0
100.0,26.3157894737,52.6315789474,15.7894736842,5.26315789474,0.0,0.0,0.0
135.714285714,28.5714285714,35.7142857143,21.4285714286,0.0,14.2857142857,0.0,0.0
133.333333333,16.6666666667,66.6666666667,0.0,0.0,16.6666666667,0.0,0.0
233.333333333,33.3333333333,33.3333333333,0.0,0.0,0.0,0.0,33.3333333333
100.0,33.3333333333,33.3333333333,33.3333333333,0.0,0.0,0.0,0.0
0.0,100.0,0.0,0.0,0.0,0.0,0.0,0.0
0.0,100.0,0.0,0.0,0.0,0.0,0.0,0.0
116.666666667,58.3333333333,16.6666666667,0.0,0.0,25.0,0.0,0.0
116.666666667,20.8333333333,66.6666666667,0.0,0.0,12.5,0.0,0.0
127.450980392,33.3333333333,45.0980392157,5.88235294118,0.0,11.7647058824,0.0,3.92156862745
200.0,25.0,30.0,20.0,0.0,10.0,0.0,15.0
71.4285714286,42.8571428571,42.8571428571,14.2857142857,0.0,0.0,0.0,0.0
100.0,50.0,0.0,50.0,0.0,0.0,0.0,0.0
50.0,50.0,50.0,0.0,0.0,0.0,0.0,0.0
50.0,50.0,50.0,0.0,0.0,0.0,0.0,0.0
137.5,28.5714285714,44.6428571429,8.92857142857,0.0,16.0714285714,0.0,1.78571428571
121.052631579,47.3684210526,26.3157894737,10.5263157895,0.0,10.5263157895,0.0,5.26315789474
118.75,37.5,37.5,12.5,0.0,6.25,6.25,0.0
111.111111111,38.8888888889,44.4444444444,5.55555555556,0.0,5.55555555556,0.0,5.55555555556
116.666666667,16.6666666667,50.0,33.3333333333,0.0,0.0,0.0,0.0
66.6666666667,33.3333333333,66.6666666667,0.0,0.0,0.0,0.0,0.0
100.0,0.0,100.0,0.0,0.0,0.0,0.0,0.0
0.0,100.0,0.0,0.0,0.0,0.0,0.0,0.0
60.0,50.0,40.0,10.0,0.0,0.0,0.0,0.0
0.0,100.0,0.0,0.0,0.0,0.0,0.0,0.0
148.0,32.0,40.0,4.0,4.0,16.0,0.0,4.0
80.0,50.0,40.0,0.0,0.0,10.0,0.0,0.0
70.0,30.0,70.0,0.0,0.0,0.0,0.0,0.0
150.0,50.0,23.6842105263,2.63157894737,0.0,10.5263157895,0.0,13.1578947368
60.0,60.0,20.0,20.0,0.0,0.0,0.0,0.0
100.0,38.0952380952,52.380952381,0.0,0.0,4.7619047619,0.0,4.7619047619
86.9565217391,56.5217391304,26.0869565217,4.34782608696,0.0,13.0434782609,0.0,0.0
62.5,62.5,12.5,25.0,0.0,0.0,0.0,0.0
142.857142857,57.1428571429,0.0,0.0,28.5714285714,14.2857142857,0.0,0.0
58.8235294118,47.0588235294,47.0588235294,5.88235294118,0.0,0.0,0.0,0.0
100.0,37.5,37.5,18.75,0.0,6.25,0.0,0.0
196.153846154,23.0769230769,42.3076923077,3.84615384615,0.0,19.2307692308,0.0,11.5384615385
145.454545455,36.3636363636,36.3636363636,9.09090909091,0.0,9.09090909091,0.0,9.09090909091
40.0,60.0,40.0,0.0,0.0,0.0,0.0,0.0
0.0,100.0,0.0,0.0,0.0,0.0,0.0,0.0
33.3333333333,83.3333333333,0.0,16.6666666667,0.0,0.0,0.0,0.0
82.6086956522,43.4782608696,47.8260869565,0.0,0.0,8.69565217391,0.0,0.0
0.0,100.0,0.0,0.0,0.0,0.0,0.0,0.0
42.8571428571,78.5714285714,14.2857142857,0.0,0.0,7.14285714286,0.0,0.0
33.3333333333,66.6666666667,33.3333333333,0.0,0.0,0.0,0.0,0.0
78.9473684211,47.3684210526,36.8421052632,10.5263157895,0.0,5.26315789474,0.0,0.0
100.0,75.0,0.0,0.0,0.0,25.0,0.0,0.0
96.1538461538,42.3076923077,42.3076923077,3.84615384615,0.0,11.5384615385,0.0,0.0
187.5,25.0,37.5,12.5,0.0,12.5,0.0,12.5
66.6666666667,58.3333333333,33.3333333333,0.0,0.0,8.33333333333,0.0,0.0
100.0,0.0,100.0,0.0,0.0,0.0,0.0,0.0
150.0,60.0,10.0,0.0,0.0,20.0,0.0,10.0
119.230769231,34.6153846154,42.3076923077,7.69230769231,0.0,15.3846153846,0.0,0.0
153.571428571,32.1428571429,32.1428571429,10.7142857143,0.0,25.0,0.0,0.0
72.7272727273,54.5454545455,36.3636363636,0.0,0.0,9.09090909091,0.0,0.0
50.0,50.0,50.0,0.0,0.0,0.0,0.0,0.0
55.5555555556,66.6666666667,11.1111111111,22.2222222222,0.0,0.0,0.0,0.0
104.545454545,45.4545454545,36.3636363636,4.54545454545,0.0,11.3636363636,0.0,2.27272727273
100.0,55.5555555556,22.2222222222,11.1111111111,0.0,0.0,11.1111111111,0.0
110.0,35.0,45.0,7.5,0.0,12.5,0.0,0.0
87.5,37.5,37.5,25.0,0.0,0.0,0.0,0.0
0.0,100.0,0.0,0.0,0.0,0.0,0.0,0.0
175.0,25.0,25.0,25.0,0.0,25.0,0.0,0.0
100.0,0.0,100.0,0.0,0.0,0.0,0.0,0.0
100.0,0.0,100.0,0.0,0.0,0.0,0.0,0.0
109.523809524,23.8095238095,61.9047619048,4.7619047619,0.0,9.52380952381,0.0,0.0
50.0,50.0,50.0,0.0,0.0,0.0,0.0,0.0
55.5555555556,77.7777777778,11.1111111111,0.0,0.0,11.1111111111,0.0,0.0
95.652173913,28.2608695652,56.5217391304,10.8695652174,0.0,4.34782608696,0.0,0.0
94.1176470588,35.2941176471,47.0588235294,11.7647058824,0.0,5.88235294118,0.0,0.0
87.5,50.0,37.5,0.0,0.0,12.5,0.0,0.0
116.666666667,33.3333333333,50.0,8.33333333333,0.0,0.0,0.0,8.33333333333
100.0,33.3333333333,33.3333333333,33.3333333333,0.0,0.0,0.0,0.0
50.0,80.0,10.0,0.0,0.0,10.0,0.0,0.0
105.882352941,38.2352941176,47.0588235294,2.94117647059,0.0,8.82352941176,0.0,2.94117647059
85.0,55.0,25.0,10.0,0.0,10.0,0.0,0.0
127.272727273,54.5454545455,18.1818181818,0.0,0.0,27.2727272727,0.0,0.0
148.387096774,25.8064516129,45.1612903226,6.45161290323,0.0,22.5806451613,0.0,0.0
0.0,100.0,0.0,0.0,0.0,0.0,0.0,0.0
145.454545455,45.4545454545,18.1818181818,18.1818181818,0.0,9.09090909091,0.0,9.09090909091
50.0,50.0,50.0,0.0,0.0,0.0,0.0,0.0
25.0,75.0,25.0,0.0,0.0,0.0,0.0,0.0
100.0,50.0,27.2727272727,13.6363636364,0.0,4.54545454545,0.0,4.54545454545
0.0,100.0,0.0,0.0,0.0,0.0,0.0,0.0
107.692307692,38.4615384615,38.4615384615,7.69230769231,7.69230769231,7.69230769231,0.0,0.0
134.210526316,42.1052631579,31.5789473684,7.89473684211,2.63157894737,7.89473684211,0.0,7.89473684211
0.0,100.0,0.0,0.0,0.0,0.0,0.0,0.0
22.2222222222,77.7777777778,22.2222222222,0.0,0.0,0.0,0.0,0.0
171.428571429,28.5714285714,28.5714285714,14.2857142857,0.0,28.5714285714,0.0,0.0
83.3333333333,66.6666666667,16.6666666667,0.0,0.0,16.6666666667,0.0,0.0
50.0,60.0,30.0,10.0,0.0,0.0,0.0,0.0
100.0,0.0,100.0,0.0,0.0,0.0,0.0,0.0
109.090909091,54.5454545455,18.1818181818,9.09090909091,0.0,18.1818181818,0.0,0.0
105.263157895,36.8421052632,42.1052631579,10.5263157895,0.0,10.5263157895,0.0,0.0
95.8333333333,33.3333333333,54.1666666667,4.16666666667,0.0,8.33333333333,0.0,0.0
152.941176471,26.4705882353,47.0588235294,8.82352941176,0.0,8.82352941176,0.0,8.82352941176
166.666666667,33.3333333333,41.6666666667,4.16666666667,0.0,4.16666666667,0.0,16.6666666667
75.0,25.0,75.0,0.0,0.0,0.0,0.0,0.0
133.333333333,0.0,66.6666666667,33.3333333333,0.0,0.0,0.0,0.0
100.0,0.0,100.0,0.0,0.0,0.0,0.0,0.0
145.0,55.0,15.0,5.0,0.0,15.0,0.0,10.0
86.6666666667,60.0,20.0,6.66666666667,0.0,13.3333333333,0.0,0.0
197.872340426,25.5319148936,31.914893617,10.6382978723,0.0,23.4042553191,0.0,8.51063829787
100.0,40.0,46.6666666667,6.66666666667,0.0,0.0,0.0,6.66666666667
77.7777777778,55.5555555556,33.3333333333,0.0,0.0,11.1111111111,0.0,0.0
0.0,100.0,0.0,0.0,0.0,0.0,0.0,0.0
100.0,0.0,100.0,0.0,0.0,0.0,0.0,0.0
179.166666667,33.3333333333,29.1666666667,4.16666666667,0.0,29.1666666667,0.0,4.16666666667
148.0,28.0,52.0,2.0,0.0,8.0,0.0,10.0
185.714285714,28.5714285714,42.8571428571,0.0,0.0,14.2857142857,0.0,14.2857142857
300.0,12.5,25.0,12.5,0.0,25.0,0.0,25.0
100.0,0.0,100.0,0.0,0.0,0.0,0.0,0.0
0.0,100.0,0.0,0.0,0.0,0.0,0.0,0.0
164.864864865,35.1351351351,35.1351351351,5.40540540541,0.0,13.5135135135,0.0,10.8108108108
50.0,66.6666666667,16.6666666667,16.6666666667,0.0,0.0,0.0,0.0
122.5,27.5,52.5,5.0,0.0,15.0,0.0,0.0
0.0,100.0,0.0,0.0,0.0,0.0,0.0,0.0
83.3333333333,33.3333333333,50.0,16.6666666667,0.0,0.0,0.0,0.0
50.0,50.0,50.0,0.0,0.0,0.0,0.0,0.0
66.6666666667,33.3333333333,66.6666666667,0.0,0.0,0.0,0.0,0.0
255.555555556,0.0,55.5555555556,0.0,0.0,33.3333333333,0.0,11.1111111111
20.0,80.0,20.0,0.0,0.0,0.0,0.0,0.0
125.0,50.0,25.0,0.0,0.0,25.0,0.0,0.0
90.0,50.0,30.0,10.0,0.0,10.0,0.0,0.0
150.0,50.0,16.6666666667,0.0,0.0,33.3333333333,0.0,0.0
145.454545455,45.4545454545,18.1818181818,9.09090909091,0.0,27.2727272727,0.0,0.0
113.888888889,36.1111111111,47.2222222222,2.77777777778,0.0,11.1111111111,0.0,2.77777777778
119.230769231,34.6153846154,34.6153846154,19.2307692308,0.0,11.5384615385,0.0,0.0
114.285714286,14.2857142857,57.1428571429,28.5714285714,0.0,0.0,0.0,0.0
133.333333333,33.3333333333,33.3333333333,16.6666666667,0.0,16.6666666667,0.0,0.0
80.0,80.0,0.0,0.0,0.0,20.0,0.0,0.0
0.0,100.0,0.0,0.0,0.0,0.0,0.0,0.0
60.0,40.0,60.0,0.0,0.0,0.0,0.0,0.0
20.0,80.0,20.0,0.0,0.0,0.0,0.0,0.0
100.0,38.0,44.0,10.0,0.0,6.0,0.0,2.0
159.259259259,29.6296296296,37.037037037,9.25925925926,0.0,20.3703703704,0.0,3.7037037037
20.0,80.0,20.0,0.0,0.0,0.0,0.0,0.0
128.260869565,36.9565217391,36.9565217391,8.69565217391,0.0,15.2173913043,0.0,2.17391304348
84.2105263158,47.3684210526,42.1052631579,0.0,0.0,10.5263157895,0.0,0.0
158.823529412,29.4117647059,41.1764705882,5.88235294118,0.0,17.6470588235,0.0,5.88235294118
143.75,25.0,50.0,6.25,0.0,12.5,6.25,0.0
40.0,80.0,0.0,20.0,0.0,0.0,0.0,0.0
185.714285714,14.2857142857,42.8571428571,14.2857142857,0.0,28.5714285714,0.0,0.0
66.6666666667,66.6666666667,0.0,33.3333333333,0.0,0.0,0.0,0.0
200.0,50.0,0.0,0.0,0.0,50.0,0.0,0.0
100.0,0.0,100.0,0.0,0.0,0.0,0.0,0.0
170.0,46.0,26.0,2.0,0.0,8.0,0.0,18.0
75.0,62.5,25.0,0.0,0.0,12.5,0.0,0.0
129.62962963,51.8518518519,25.9259259259,0.0,0.0,14.8148148148,0.0,7.40740740741
100.0,50.0,36.3636363636,0.0,0.0,9.09090909091,0.0,4.54545454545
0.0,100.0,0.0,0.0,0.0,0.0,0.0,0.0
111.111111111,29.6296296296,51.8518518519,7.40740740741,0.0,11.1111111111,0.0,0.0
112.5,41.6666666667,37.5,4.16666666667,0.0,16.6666666667,0.0,0.0
25.0,75.0,25.0,0.0,0.0,0.0,0.0,0.0
115.789473684,31.5789473684,52.6315789474,0.0,0.0,15.7894736842,0.0,0.0
150.0,37.5,25.0,12.5,0.0,25.0,0.0,0.0
135.714285714,28.5714285714,50.0,7.14285714286,0.0,7.14285714286,0.0,7.14285714286
200.0,25.0,37.5,6.25,0.0,18.75,0.0,12.5
120.754716981,47.1698113208,30.1886792453,5.66037735849,0.0,11.320754717,0.0,5.66037735849
85.0,45.0,45.0,5.0,0.0,0.0,0.0,5.0
121.739130435,47.8260869565,34.7826086957,0.0,0.0,8.69565217391,0.0,8.69565217391
100.0,0.0,100.0,0.0,0.0,0.0,0.0,0.0
0.0,100.0,0.0,0.0,0.0,0.0,0.0,0.0
120.0,40.0,40.0,0.0,0.0,20.0,0.0,0.0
85.7142857143,71.4285714286,14.2857142857,0.0,0.0,7.14285714286,0.0,7.14285714286
68.1818181818,45.4545454545,40.9090909091,13.6363636364,0.0,0.0,0.0,0.0
64.2857142857,71.4285714286,7.14285714286,14.2857142857,0.0,7.14285714286,0.0,0.0
76.6666666667,36.6666666667,56.6666666667,3.33333333333,0.0,3.33333333333,0.0,0.0
150.0,15.0,70.0,0.0,0.0,5.0,0.0,10.0
0.0,100.0,0.0,0.0,0.0,0.0,0.0,0.0
0.0,100.0,0.0,0.0,0.0,0.0,0.0,0.0
120.0,40.0,40.0,0.0,0.0,20.0,0.0,0.0
12.5,87.5,12.5,0.0,0.0,0.0,0.0,0.0
100.0,63.1578947368,15.7894736842,0.0,0.0,21.0526315789,0.0,0.0
100.0,50.0,32.1428571429,0.0,3.57142857143,14.2857142857,0.0,0.0
73.9130434783,52.1739130435,39.1304347826,4.34782608696,0.0,0.0,0.0,4.34782608696
50.0,50.0,50.0,0.0,0.0,0.0,0.0,0.0
66.6666666667,33.3333333333,66.6666666667,0.0,0.0,0.0,0.0,0.0
177.777777778,11.1111111111,44.4444444444,22.2222222222,0.0,22.2222222222,0.0,0.0
114.285714286,42.8571428571,28.5714285714,14.2857142857,0.0,14.2857142857,0.0,0.0
180.0,20.0,20.0,40.0,0.0,20.0,0.0,0.0
82.3529411765,52.9411764706,35.2941176471,0.0,0.0,11.7647058824,0.0,0.0
151.724137931,44.8275862069,20.6896551724,6.89655172414,0.0,24.1379310345,0.0,3.44827586207
141.379310345,27.5862068966,44.8275862069,10.3448275862,0.0,13.7931034483,0.0,3.44827586207
193.75,21.875,43.75,9.375,0.0,9.375,0.0,15.625
135.714285714,28.5714285714,50.0,7.14285714286,0.0,7.14285714286,0.0,7.14285714286
0.0,100.0,0.0,0.0,0.0,0.0,0.0,0.0
77.7777777778,66.6666666667,11.1111111111,11.1111111111,0.0,11.1111111111,0.0,0.0
80.0,80.0,0.0,0.0,0.0,20.0,0.0,0.0
150.0,43.75,25.0,12.5,0.0,6.25,0.0,12.5
153.333333333,46.6666666667,20.0,0.0,0.0,33.3333333333,0.0,0.0
105.555555556,33.3333333333,50.0,11.1111111111,0.0,0.0,0.0,5.55555555556
146.153846154,23.0769230769,53.8461538462,7.69230769231,0.0,7.69230769231,0.0,7.69230769231
85.7142857143,14.2857142857,85.7142857143,0.0,0.0,0.0,0.0,0.0
54.5454545455,54.5454545455,36.3636363636,9.09090909091,0.0,0.0,0.0,0.0
83.3333333333,50.0,33.3333333333,8.33333333333,0.0,8.33333333333,0.0,0.0
40.0,90.0,0.0,0.0,0.0,10.0,0.0,0.0
114.285714286,38.0952380952,47.619047619,0.0,0.0,9.52380952381,0.0,4.7619047619
123.404255319,29.7872340426,44.6808510638,14.8936170213,2.12765957447,4.25531914894,0.0,4.25531914894
200.0,15.625,34.375,18.75,3.125,25.0,0.0,3.125
100.0,50.0,0.0,50.0,0.0,0.0,0.0,0.0
0.0,100.0,0.0,0.0,0.0,0.0,0.0,0.0
100.0,40.0,20.0,40.0,0.0,0.0,0.0,0.0
37.5,75.0,12.5,12.5,0.0,0.0,0.0,0.0
40.0,60.0,40.0,0.0,0.0,0.0,0.0,0.0
136.363636364,31.8181818182,45.4545454545,0.0,0.0,22.7272727273,0.0,0.0
117.24137931,37.9310344828,34.4827586207,13.7931034483,0.0,13.7931034483,0.0,0.0
143.47826087,21.7391304348,56.5217391304,8.69565217391,0.0,4.34782608696,0.0,8.69565217391
190.0,10.0,40.0,30.0,0.0,15.0,0.0,5.0
266.666666667,33.3333333333,0.0,33.3333333333,0.0,0.0,0.0,33.3333333333
175.0,0.0,25.0,75.0,0.0,0.0,0.0,0.0
116.666666667,45.8333333333,33.3333333333,0.0,0.0,20.8333333333,0.0,0.0
117.777777778,44.4444444444,31.1111111111,6.66666666667,2.22222222222,13.3333333333,0.0,2.22222222222
151.851851852,18.5185185185,55.5555555556,3.7037037037,0.0,22.2222222222,0.0,0.0
223.80952381,33.3333333333,14.2857142857,14.2857142857,0.0,23.8095238095,0.0,14.2857142857
100.0,0.0,100.0,0.0,0.0,0.0,0.0,0.0
87.0967741935,48.3870967742,41.935483871,0.0,0.0,6.45161290323,0.0,3.22580645161
109.677419355,35.4838709677,51.6129032258,0.0,0.0,9.67741935484,0.0,3.22580645161
66.6666666667,33.3333333333,66.6666666667,0.0,0.0,0.0,0.0,0.0
76.9230769231,30.7692307692,61.5384615385,7.69230769231,0.0,0.0,0.0,0.0
144.0,16.0,60.0,8.0,4.0,8.0,0.0,4.0
80.0,40.0,40.0,20.0,0.0,0.0,0.0,0.0
55.5555555556,44.4444444444,55.5555555556,0.0,0.0,0.0,0.0,0.0
50.0,50.0,50.0,0.0,0.0,0.0,0.0,0.0
100.0,0.0,100.0,0.0,0.0,0.0,0.0,0.0
25.0,75.0,25.0,0.0,0.0,0.0,0.0,0.0
0.0,100.0,0.0,0.0,0.0,0.0,0.0,0.0
50.0,50.0,50.0,0.0,0.0,0.0,0.0,0.0
132.258064516,35.4838709677,35.4838709677,12.9032258065,0.0,12.9032258065,0.0,3.22580645161
66.6666666667,60.0,26.6666666667,6.66666666667,0.0,6.66666666667,0.0,0.0
91.6666666667,58.3333333333,25.0,0.0,0.0,16.6666666667,0.0,0.0
115.0,35.0,45.0,5.0,0.0,15.0,0.0,0.0
77.7777777778,33.3333333333,55.5555555556,11.1111111111,0.0,0.0,0.0,0.0
66.6666666667,33.3333333333,66.6666666667,0.0,0.0,0.0,0.0,0.0
214.285714286,42.8571428571,14.2857142857,0.0,0.0,28.5714285714,0.0,14.2857142857
0.0,100.0,0.0,0.0,0.0,0.0,0.0,0.0
168.421052632,42.1052631579,21.0526315789,0.0,0.0,36.8421052632,0.0,0.0
80.9523809524,45.2380952381,42.8571428571,4.7619047619,0.0,7.14285714286,0.0,0.0
75.0,75.0,8.33333333333,0.0,0.0,16.6666666667,0.0,0.0
0.0,100.0,0.0,0.0,0.0,0.0,0.0,0.0
93.75,56.25,18.75,12.5,0.0,12.5,0.0,0.0
117.391304348,30.4347826087,47.8260869565,8.69565217391,0.0,13.0434782609,0.0,0.0
78.7878787879,39.3939393939,54.5454545455,0.0,0.0,6.06060606061,0.0,0.0
148.888888889,40.0,33.3333333333,0.0,0.0,22.2222222222,0.0,4.44444444444
61.5384615385,53.8461538462,30.7692307692,15.3846153846,0.0,0.0,0.0,0.0
243.75,12.5,43.75,6.25,0.0,18.75,0.0,18.75
50.0,75.0,0.0,25.0,0.0,0.0,0.0,0.0
112.5,37.5,37.5,12.5,0.0,12.5,0.0,0.0
0.0,100.0,0.0,0.0,0.0,0.0,0.0,0.0
0.0,100.0,0.0,0.0,0.0,0.0,0.0,0.0
109.090909091,45.4545454545,36.3636363636,4.54545454545,0.0,9.09090909091,0.0,4.54545454545
80.0,50.0,40.0,0.0,0.0,10.0,0.0,0.0
130.769230769,26.9230769231,46.1538461538,11.5384615385,0.0,15.3846153846,0.0,0.0
122.727272727,27.2727272727,50.0,13.6363636364,0.0,4.54545454545,0.0,4.54545454545
76.9230769231,38.4615384615,53.8461538462,0.0,7.69230769231,0.0,0.0,0.0
25.0,75.0,25.0,0.0,0.0,0.0,0.0,0.0
118.181818182,36.3636363636,45.4545454545,9.09090909091,0.0,0.0,0.0,9.09090909091
100.0,20.0,60.0,20.0,0.0,0.0,0.0,0.0
220.0,20.0,20.0,20.0,0.0,40.0,0.0,0.0
58.3333333333,66.6666666667,25.0,0.0,0.0,8.33333333333,0.0,0.0
136.666666667,30.0,43.3333333333,6.66666666667,0.0,20.0,0.0,0.0
106.25,37.5,43.75,6.25,0.0,12.5,0.0,0.0
80.0,33.3333333333,53.3333333333,13.3333333333,0.0,0.0,0.0,0.0
117.647058824,17.6470588235,58.8235294118,17.6470588235,0.0,5.88235294118,0.0,0.0
0.0,100.0,0.0,0.0,0.0,0.0,0.0,0.0
0.0,100.0,0.0,0.0,0.0,0.0,0.0,0.0
233.333333333,27.7777777778,22.2222222222,11.1111111111,0.0,22.2222222222,0.0,16.6666666667
137.5,37.5,37.5,0.0,0.0,25.0,0.0,0.0
50.0,50.0,50.0,0.0,0.0,0.0,0.0,0.0
0.0,100.0,0.0,0.0,0.0,0.0,0.0,0.0
153.846153846,23.0769230769,46.1538461538,7.69230769231,0.0,23.0769230769,0.0,0.0
16.6666666667,83.3333333333,16.6666666667,0.0,0.0,0.0,0.0,0.0
123.684210526,36.8421052632,34.2105263158,13.1578947368,0.0,15.7894736842,0.0,0.0
14.2857142857,85.7142857143,14.2857142857,0.0,0.0,0.0,0.0,0.0
81.25,56.25,31.25,0.0,0.0,12.5,0.0,0.0
33.3333333333,66.6666666667,33.3333333333,0.0,0.0,0.0,0.0,0.0
266.666666667,16.6666666667,33.3333333333,16.6666666667,0.0,0.0,0.0,33.3333333333
50.0,50.0,50.0,0.0,0.0,0.0,0.0,0.0
50.0,50.0,50.0,0.0,0.0,0.0,0.0,0.0
115.384615385,53.8461538462,23.0769230769,0.0,0.0,23.0769230769,0.0,0.0
108.695652174,52.1739130435,26.0869565217,0.0,4.34782608696,17.3913043478,0.0,0.0
106.25,31.25,56.25,0.0,0.0,12.5,0.0,0.0
90.3225806452,41.935483871,38.7096774194,12.9032258065,0.0,6.45161290323,0.0,0.0
100.0,50.0,28.5714285714,7.14285714286,0.0,14.2857142857,0.0,0.0
181.25,12.5,43.75,25.0,0.0,12.5,0.0,6.25
237.5,12.5,37.5,12.5,0.0,25.0,0.0,12.5
144.444444444,66.6666666667,11.1111111111,0.0,0.0,0.0,0.0,22.2222222222
100.0,58.3333333333,16.6666666667,8.33333333333,0.0,16.6666666667,0.0,0.0
130.0,36.0,36.0,10.0,2.0,14.0,0.0,2.0
121.875,34.375,40.625,12.5,0.0,9.375,0.0,3.125
0.0,100.0,0.0,0.0,0.0,0.0,0.0,0.0
100.0,20.0,60.0,20.0,0.0,0.0,0.0,0.0
50.0,50.0,50.0,0.0,0.0,0.0,0.0,0.0
100.0,0.0,100.0,0.0,0.0,0.0,0.0,0.0
171.428571429,28.5714285714,28.5714285714,28.5714285714,0.0,0.0,0.0,14.2857142857
133.333333333,44.4444444444,22.2222222222,11.1111111111,0.0,22.2222222222,0.0,0.0
25.0,75.0,25.0,0.0,0.0,0.0,0.0,0.0
12.5,87.5,12.5,0.0,0.0,0.0,0.0,0.0
0.0,100.0,0.0,0.0,0.0,0.0,0.0,0.0
100.0,45.9459459459,35.1351351351,8.10810810811,0.0,8.10810810811,0.0,2.7027027027
53.8461538462,53.8461538462,38.4615384615,7.69230769231,0.0,0.0,0.0,0.0
50.0,50.0,50.0,0.0,0.0,0.0,0.0,0.0
125.0,16.6666666667,66.6666666667,4.16666666667,0.0,12.5,0.0,0.0
126.666666667,13.3333333333,73.3333333333,6.66666666667,0.0,0.0,0.0,6.66666666667
400.0,0.0,0.0,0.0,0.0,100.0,0.0,0.0
157.142857143,50.0,7.14285714286,7.14285714286,7.14285714286,28.5714285714,0.0,0.0
123.076923077,53.8461538462,15.3846153846,7.69230769231,0.0,23.0769230769,0.0,0.0
85.7142857143,42.8571428571,42.8571428571,7.14285714286,0.0,7.14285714286,0.0,0.0
68.0,44.0,44.0,12.0,0.0,0.0,0.0,0.0
83.3333333333,37.5,50.0,8.33333333333,0.0,4.16666666667,0.0,0.0
107.692307692,53.8461538462,30.7692307692,0.0,0.0,7.69230769231,0.0,7.69230769231
0.0,100.0,0.0,0.0,0.0,0.0,0.0,0.0
116.666666667,33.3333333333,50.0,0.0,0.0,16.6666666667,0.0,0.0
0.0,100.0,0.0,0.0,0.0,0.0,0.0,0.0
0.0,100.0,0.0,0.0,0.0,0.0,0.0,0.0
0.0,100.0,0.0,0.0,0.0,0.0,0.0,0.0
124.0,56.0,20.0,0.0,0.0,20.0,0.0,4.0
125.925925926,33.3333333333,44.4444444444,5.55555555556,0.0,14.8148148148,0.0,1.85185185185
141.666666667,41.6666666667,25.0,12.5,0.0,16.6666666667,0.0,4.16666666667
100.0,25.0,50.0,25.0,0.0,0.0,0.0,0.0
180.0,0.0,73.3333333333,13.3333333333,0.0,0.0,0.0,13.3333333333
33.3333333333,66.6666666667,33.3333333333,0.0,0.0,0.0,0.0,0.0
44.4444444444,55.5555555556,44.4444444444,0.0,0.0,0.0,0.0,0.0
93.75,43.75,37.5,9.375,0.0,9.375,0.0,0.0
28.5714285714,71.4285714286,28.5714285714,0.0,0.0,0.0,0.0,0.0
14.2857142857,85.7142857143,14.2857142857,0.0,0.0,0.0,0.0,0.0
93.1034482759,37.9310344828,44.8275862069,10.3448275862,0.0,6.89655172414,0.0,0.0
0.0,100.0,0.0,0.0,0.0,0.0,0.0,0.0
100.0,0.0,100.0,0.0,0.0,0.0,0.0,0.0
122.222222222,44.4444444444,33.3333333333,0.0,0.0,22.2222222222,0.0,0.0
63.6363636364,72.7272727273,9.09090909091,9.09090909091,0.0,9.09090909091,0.0,0.0
100.0,0.0,100.0,0.0,0.0,0.0,0.0,0.0
130.0,30.0,50.0,4.0,0.0,12.0,0.0,4.0
138.461538462,38.4615384615,30.7692307692,7.69230769231,0.0,23.0769230769,0.0,0.0
93.75,59.375,18.75,6.25,0.0,15.625,0.0,0.0
191.304347826,13.0434782609,43.4782608696,17.3913043478,0.0,21.7391304348,0.0,4.34782608696
150.0,0.0,50.0,50.0,0.0,0.0,0.0,0.0
25.0,75.0,25.0,0.0,0.0,0.0,0.0,0.0
130.769230769,46.1538461538,23.0769230769,15.3846153846,0.0,7.69230769231,0.0,7.69230769231
66.6666666667,66.6666666667,0.0,33.3333333333,0.0,0.0,0.0,0.0
54.5454545455,72.7272727273,18.1818181818,0.0,0.0,9.09090909091,0.0,0.0
70.5882352941,35.2941176471,58.8235294118,5.88235294118,0.0,0.0,0.0,0.0
110.714285714,28.5714285714,53.5714285714,7.14285714286,0.0,10.7142857143,0.0,0.0
33.3333333333,66.6666666667,33.3333333333,0.0,0.0,0.0,0.0,0.0
42.8571428571,57.1428571429,42.8571428571,0.0,0.0,0.0,0.0,0.0
50.0,50.0,50.0,0.0,0.0,0.0,0.0,0.0
28.5714285714,85.7142857143,0.0,14.2857142857,0.0,0.0,0.0,0.0
20.0,80.0,20.0,0.0,0.0,0.0,0.0,0.0
90.9090909091,54.5454545455,18.1818181818,18.1818181818,0.0,9.09090909091,0.0,0.0
104.0,48.0,32.0,4.0,0.0,16.0,0.0,0.0
35.2941176471,70.5882352941,23.5294117647,5.88235294118,0.0,0.0,0.0,0.0
91.6666666667,41.6666666667,50.0,0.0,0.0,4.16666666667,0.0,4.16666666667
153.333333333,40.0,33.3333333333,6.66666666667,0.0,6.66666666667,0.0,13.3333333333
141.666666667,25.0,58.3333333333,0.0,0.0,8.33333333333,0.0,8.33333333333
100.0,75.0,0.0,0.0,0.0,25.0,0.0,0.0
0.0,100.0,0.0,0.0,0.0,0.0,0.0,0.0
100.0,20.0,60.0,20.0,0.0,0.0,0.0,0.0
50.0,50.0,50.0,0.0,0.0,0.0,0.0,0.0
0.0,100.0,0.0,0.0,0.0,0.0,0.0,0.0
111.764705882,41.1764705882,35.2941176471,5.88235294118,5.88235294118,11.7647058824,0.0,0.0
117.948717949,35.8974358974,38.4615384615,10.2564102564,2.5641025641,12.8205128205,0.0,0.0
69.5652173913,43.4782608696,52.1739130435,0.0,0.0,4.34782608696,0.0,0.0
83.3333333333,41.6666666667,50.0,0.0,0.0,8.33333333333,0.0,0.0
209.090909091,27.2727272727,45.4545454545,0.0,0.0,0.0,0.0,27.2727272727
100.0,42.8571428571,42.8571428571,0.0,0.0,14.2857142857,0.0,0.0
131.578947368,47.3684210526,26.3157894737,0.0,0.0,26.3157894737,0.0,0.0
113.636363636,40.9090909091,40.9090909091,0.0,0.0,18.1818181818,0.0,0.0
28.5714285714,85.7142857143,0.0,14.2857142857,0.0,0.0,0.0,0.0
72.2222222222,38.8888888889,50.0,11.1111111111,0.0,0.0,0.0,0.0
126.666666667,46.6666666667,33.3333333333,6.66666666667,0.0,0.0,0.0,13.3333333333
10.0,90.0,10.0,0.0,0.0,0.0,0.0,0.0
33.3333333333,66.6666666667,33.3333333333,0.0,0.0,0.0,0.0,0.0
53.8461538462,46.1538461538,53.8461538462,0.0,0.0,0.0,0.0,0.0
216.666666667,50.0,16.6666666667,0.0,0.0,0.0,0.0,33.3333333333
128.571428571,28.5714285714,42.8571428571,14.2857142857,0.0,14.2857142857,0.0,0.0
78.431372549,47.0588235294,43.137254902,3.92156862745,0.0,3.92156862745,0.0,1.96078431373
84.6153846154,61.5384615385,23.0769230769,0.0,0.0,15.3846153846,0.0,0.0
40.0,60.0,40.0,0.0,0.0,0.0,0.0,0.0
87.5,62.5,12.5,12.5,0.0,12.5,0.0,0.0
128.571428571,0.0,85.7142857143,0.0,14.2857142857,0.0,0.0,0.0
46.1538461538,53.8461538462,46.1538461538,0.0,0.0,0.0,0.0,0.0
257.142857143,14.2857142857,42.8571428571,0.0,0.0,21.4285714286,0.0,21.4285714286
175.0,0.0,75.0,0.0,0.0,25.0,0.0,0.0
66.6666666667,66.6666666667,22.2222222222,0.0,0.0,11.1111111111,0.0,0.0
107.692307692,76.9230769231,0.0,0.0,0.0,15.3846153846,0.0,7.69230769231
112.903225806,41.935483871,35.4838709677,6.45161290323,0.0,16.1290322581,0.0,0.0
165.0,30.0,35.0,10.0,0.0,20.0,0.0,5.0
76.4705882353,41.1764705882,52.9411764706,0.0,0.0,5.88235294118,0.0,0.0
125.0,50.0,25.0,0.0,0.0,25.0,0.0,0.0
42.8571428571,71.4285714286,14.2857142857,14.2857142857,0.0,0.0,0.0,0.0
66.6666666667,33.3333333333,66.6666666667,0.0,0.0,0.0,0.0,0.0
0.0,100.0,0.0,0.0,0.0,0.0,0.0,0.0
33.3333333333,66.6666666667,33.3333333333,0.0,0.0,0.0,0.0,0.0
50.0,66.6666666667,16.6666666667,16.6666666667,0.0,0.0,0.0,0.0
113.636363636,54.5454545455,22.7272727273,0.0,0.0,22.7272727273,0.0,0.0
111.363636364,34.0909090909,47.7272727273,6.81818181818,0.0,9.09090909091,0.0,2.27272727273
25.0,75.0,25.0,0.0,0.0,0.0,0.0,0.0
87.5,62.5,12.5,12.5,0.0,12.5,0.0,0.0
86.2068965517,51.724137931,37.9310344828,0.0,0.0,6.89655172414,0.0,3.44827586207
66.6666666667,58.3333333333,33.3333333333,0.0,0.0,8.33333333333,0.0,0.0
114.893617021,38.2978723404,42.5531914894,6.3829787234,0.0,8.51063829787,0.0,4.25531914894
33.3333333333,66.6666666667,33.3333333333,0.0,0.0,0.0,0.0,0.0
169.76744186,27.9069767442,44.1860465116,4.6511627907,0.0,11.6279069767,0.0,11.6279069767
190.0,10.0,50.0,20.0,0.0,10.0,0.0,10.0
100.0,0.0,100.0,0.0,0.0,0.0,0.0,0.0
137.209302326,32.5581395349,44.1860465116,2.32558139535,0.0,18.6046511628,0.0,2.32558139535
166.666666667,24.5614035088,43.8596491228,5.26315789474,0.0,22.8070175439,0.0,3.50877192982
140.0,20.0,60.0,0.0,0.0,20.0,0.0,0.0
112.121212121,42.4242424242,27.2727272727,18.1818181818,0.0,12.1212121212,0.0,0.0
152.380952381,35.7142857143,33.3333333333,7.14285714286,0.0,19.0476190476,0.0,4.7619047619
141.666666667,45.8333333333,33.3333333333,0.0,0.0,8.33333333333,0.0,12.5
66.6666666667,33.3333333333,66.6666666667,0.0,0.0,0.0,0.0,0.0
340.0,10.0,0.0,20.0,0.0,60.0,0.0,10.0
100.0,50.0,0.0,50.0,0.0,0.0,0.0,0.0
133.333333333,66.6666666667,0.0,0.0,0.0,33.3333333333,0.0,0.0
132.75862069,22.4137931034,46.5517241379,18.9655172414,0.0,12.0689655172,0.0,0.0
0.0,100.0,0.0,0.0,0.0,0.0,0.0,0.0
169.230769231,38.4615384615,15.3846153846,7.69230769231,15.3846153846,23.0769230769,0.0,0.0
195.12195122,14.6341463415,48.7804878049,12.1951219512,0.0,12.1951219512,0.0,12.1951219512
165.573770492,26.2295081967,40.9836065574,13.1147540984,0.0,9.83606557377,0.0,9.83606557377
106.666666667,33.3333333333,40.0,20.0,0.0,6.66666666667,0.0,0.0
87.5,50.0,37.5,0.0,0.0,12.5,0.0,0.0
66.6666666667,44.4444444444,44.4444444444,11.1111111111,0.0,0.0,0.0,0.0
163.636363636,18.1818181818,50.0,9.09090909091,4.54545454545,13.6363636364,0.0,4.54545454545
150.0,16.6666666667,50.0,16.6666666667,0.0,16.6666666667,0.0,0.0
60.0,40.0,60.0,0.0,0.0,0.0,0.0,0.0
172.549019608,17.6470588235,50.9803921569,3.92156862745,0.0,25.4901960784,0.0,1.96078431373
145.714285714,20.0,60.0,2.85714285714,0.0,11.4285714286,0.0,5.71428571429
131.25,18.75,43.75,31.25,0.0,6.25,0.0,0.0
0.0,100.0,0.0,0.0,0.0,0.0,0.0,0.0
166.666666667,22.2222222222,33.3333333333,33.3333333333,0.0,0.0,0.0,11.1111111111
100.0,0.0,100.0,0.0,0.0,0.0,0.0,0.0
265.151515152,22.7272727273,31.8181818182,0.0,0.0,19.696969697,0.0,25.7575757576
91.6666666667,52.7777777778,30.5555555556,2.77777777778,0.0,13.8888888889,0.0,0.0
122.222222222,33.3333333333,55.5555555556,0.0,0.0,0.0,0.0,11.1111111111
387.5,12.5,12.5,0.0,0.0,37.5,0.0,37.5
100.0,50.0,0.0,50.0,0.0,0.0,0.0,0.0
0.0,100.0,0.0,0.0,0.0,0.0,0.0,0.0
0.0,100.0,0.0,0.0,0.0,0.0,0.0,0.0
120.0,60.0,13.3333333333,0.0,0.0,26.6666666667,0.0,0.0
114.285714286,42.8571428571,28.5714285714,14.2857142857,0.0,14.2857142857,0.0,0.0
233.333333333,33.3333333333,33.3333333333,0.0,0.0,0.0,0.0,33.3333333333
132.258064516,32.2580645161,41.935483871,6.45161290323,0.0,19.3548387097,0.0,0.0
104.347826087,39.1304347826,52.1739130435,0.0,0.0,0.0,0.0,8.69565217391
84.6153846154,46.1538461538,38.4615384615,7.69230769231,0.0,7.69230769231,0.0,0.0
50.0,75.0,16.6666666667,0.0,0.0,8.33333333333,0.0,0.0
125.0,50.0,25.0,0.0,0.0,25.0,0.0,0.0
0.0,100.0,0.0,0.0,0.0,0.0,0.0,0.0
100.0,0.0,100.0,0.0,0.0,0.0,0.0,0.0
100.0,75.0,0.0,0.0,0.0,25.0,0.0,0.0
109.523809524,52.380952381,23.8095238095,9.52380952381,0.0,9.52380952381,0.0,4.7619047619
88.8888888889,44.4444444444,44.4444444444,0.0,0.0,11.1111111111,0.0,0.0
111.111111111,36.1111111111,50.0,0.0,0.0,11.1111111111,0.0,2.77777777778
70.0,45.0,50.0,0.0,0.0,5.0,0.0,0.0
0.0,100.0,0.0,0.0,0.0,0.0,0.0,0.0
50.0,50.0,50.0,0.0,0.0,0.0,0.0,0.0
82.3529411765,47.0588235294,35.2941176471,11.7647058824,0.0,5.88235294118,0.0,0.0
100.0,11.1111111111,77.7777777778,11.1111111111,0.0,0.0,0.0,0.0
200.0,33.3333333333,0.0,33.3333333333,0.0,33.3333333333,0.0,0.0
160.0,40.0,26.6666666667,0.0,0.0,33.3333333333,0.0,0.0
180.0,30.0,20.0,20.0,0.0,30.0,0.0,0.0
87.1794871795,41.0256410256,46.1538461538,5.12820512821,0.0,7.69230769231,0.0,0.0
72.7272727273,54.5454545455,36.3636363636,0.0,0.0,9.09090909091,0.0,0.0
95.2380952381,47.619047619,38.0952380952,4.7619047619,0.0,4.7619047619,0.0,4.7619047619
166.666666667,33.3333333333,33.3333333333,0.0,0.0,33.3333333333,0.0,0.0
316.666666667,16.6666666667,16.6666666667,0.0,0.0,50.0,0.0,16.6666666667
130.0,40.0,35.0,5.0,5.0,10.0,0.0,5.0
97.3684210526,42.1052631579,39.4736842105,7.89473684211,0.0,10.5263157895,0.0,0.0
137.5,29.1666666667,41.6666666667,12.5,4.16666666667,8.33333333333,0.0,4.16666666667
124.0,52.0,24.0,0.0,4.0,16.0,0.0,4.0
85.7142857143,57.1428571429,28.5714285714,0.0,0.0,14.2857142857,0.0,0.0
100.0,0.0,100.0,0.0,0.0,0.0,0.0,0.0
137.777777778,44.4444444444,33.3333333333,2.22222222222,2.22222222222,6.66666666667,0.0,11.1111111111
33.3333333333,66.6666666667,33.3333333333,0.0,0.0,0.0,0.0,0.0
116.666666667,33.3333333333,50.0,0.0,0.0,16.6666666667,0.0,0.0
121.428571429,28.5714285714,57.1428571429,3.57142857143,0.0,3.57142857143,0.0,7.14285714286
137.5,20.8333333333,54.1666666667,12.5,0.0,8.33333333333,0.0,4.16666666667
162.5,0.0,62.5,25.0,0.0,12.5,0.0,0.0
350.0,0.0,50.0,0.0,0.0,0.0,0.0,50.0
133.333333333,66.6666666667,0.0,0.0,0.0,33.3333333333,0.0,0.0
140.0,31.1111111111,42.2222222222,4.44444444444,0.0,22.2222222222,0.0,0.0
66.6666666667,33.3333333333,66.6666666667,0.0,0.0,0.0,0.0,0.0
66.6666666667,66.6666666667,0.0,33.3333333333,0.0,0.0,0.0,0.0
71.4285714286,61.9047619048,23.8095238095,4.7619047619,0.0,9.52380952381,0.0,0.0
58.8235294118,52.9411764706,35.2941176471,11.7647058824,0.0,0.0,0.0,0.0
158.333333333,41.6666666667,25.0,8.33333333333,0.0,16.6666666667,0.0,8.33333333333
225.0,25.0,31.25,6.25,6.25,12.5,0.0,18.75
173.076923077,26.9230769231,42.3076923077,3.84615384615,0.0,19.2307692308,0.0,7.69230769231
81.8181818182,54.5454545455,31.8181818182,0.0,4.54545454545,9.09090909091,0.0,0.0
123.076923077,23.0769230769,46.1538461538,23.0769230769,0.0,7.69230769231,0.0,0.0
181.081081081,37.8378378378,24.3243243243,8.10810810811,0.0,18.9189189189,0.0,10.8108108108
43.75,68.75,18.75,12.5,0.0,0.0,0.0,0.0
25.0,75.0,25.0,0.0,0.0,0.0,0.0,0.0
0.0,100.0,0.0,0.0,0.0,0.0,0.0,0.0
100.0,51.8518518519,25.9259259259,7.40740740741,0.0,14.8148148148,0.0,0.0
125.0,55.0,15.0,5.0,0.0,25.0,0.0,0.0
147.619047619,23.8095238095,52.380952381,4.7619047619,0.0,14.2857142857,0.0,4.7619047619
105.0,20.0,65.0,10.0,0.0,5.0,0.0,0.0
125.0,50.0,25.0,12.5,0.0,0.0,0.0,12.5
186.666666667,20.0,53.3333333333,0.0,0.0,13.3333333333,0.0,13.3333333333
28.5714285714,71.4285714286,28.5714285714,0.0,0.0,0.0,0.0,0.0
0.0,100.0,0.0,0.0,0.0,0.0,0.0,0.0
115.909090909,40.9090909091,43.1818181818,2.27272727273,0.0,6.81818181818,0.0,6.81818181818
133.333333333,66.6666666667,0.0,0.0,0.0,33.3333333333,0.0,0.0
0.0,100.0,0.0,0.0,0.0,0.0,0.0,0.0
112.121212121,45.4545454545,33.3333333333,3.0303030303,0.0,18.1818181818,0.0,0.0
161.538461538,50.0,23.0769230769,0.0,0.0,11.5384615385,0.0,15.3846153846
0.0,100.0,0.0,0.0,0.0,0.0,0.0,0.0
40.0,80.0,0.0,20.0,0.0,0.0,0.0,0.0
0.0,100.0,0.0,0.0,0.0,0.0,0.0,0.0
100.0,75.0,0.0,0.0,0.0,25.0,0.0,0.0
44.4444444444,55.5555555556,44.4444444444,0.0,0.0,0.0,0.0,0.0
75.0,75.0,0.0,12.5,0.0,12.5,0.0,0.0
100.0,75.0,0.0,0.0,0.0,25.0,0.0,0.0
146.341463415,34.1463414634,34.1463414634,9.75609756098,0.0,19.512195122,0.0,2.43902439024
75.0,53.5714285714,32.1428571429,7.14285714286,0.0,7.14285714286,0.0,0.0
127.272727273,27.2727272727,36.3636363636,27.2727272727,0.0,9.09090909091,0.0,0.0
225.0,25.0,25.0,12.5,0.0,25.0,0.0,12.5
102.857142857,48.5714285714,34.2857142857,2.85714285714,0.0,11.4285714286,0.0,2.85714285714
11.1111111111,88.8888888889,11.1111111111,0.0,0.0,0.0,0.0,0.0
184.905660377,28.3018867925,37.7358490566,1.88679245283,0.0,24.5283018868,0.0,7.54716981132
90.0,40.0,50.0,0.0,0.0,10.0,0.0,0.0
138.888888889,44.4444444444,27.7777777778,8.33333333333,0.0,11.1111111111,0.0,8.33333333333
176.923076923,46.1538461538,7.69230769231,7.69230769231,0.0,38.4615384615,0.0,0.0
130.303030303,24.2424242424,51.5151515152,12.1212121212,0.0,9.09090909091,0.0,3.0303030303
125.0,12.5,75.0,0.0,0.0,12.5,0.0,0.0
212.5,31.25,25.0,12.5,0.0,12.5,0.0,18.75
200.0,25.0,25.0,12.5,0.0,37.5,0.0,0.0
180.0,20.0,60.0,0.0,0.0,0.0,0.0,20.0
0.0,100.0,0.0,0.0,0.0,0.0,0.0,0.0
90.0,65.0,20.0,0.0,0.0,10.0,0.0,5.0
72.2222222222,66.6666666667,16.6666666667,5.55555555556,0.0,11.1111111111,0.0,0.0
25.0,75.0,25.0,0.0,0.0,0.0,0.0,0.0
66.6666666667,33.3333333333,66.6666666667,0.0,0.0,0.0,0.0,0.0
110.526315789,26.3157894737,57.8947368421,10.5263157895,0.0,0.0,0.0,5.26315789474
150.0,37.5,37.5,0.0,12.5,0.0,0.0,12.5
81.8181818182,54.5454545455,27.2727272727,9.09090909091,0.0,9.09090909091,0.0,0.0
127.777777778,33.3333333333,38.8888888889,11.1111111111,0.0,16.6666666667,0.0,0.0
130.0,40.0,30.0,10.0,0.0,20.0,0.0,0.0
169.565217391,26.0869565217,47.8260869565,0.0,0.0,17.3913043478,0.0,8.69565217391
161.016949153,30.5084745763,30.5084745763,15.2542372881,1.69491525424,18.6440677966,0.0,3.38983050847
176.0,4.0,64.0,12.0,0.0,16.0,0.0,4.0
150.0,25.0,50.0,8.33333333333,0.0,8.33333333333,0.0,8.33333333333
100.0,0.0,100.0,0.0,0.0,0.0,0.0,0.0
150.819672131,39.3442622951,29.5081967213,4.91803278689,0.0,22.9508196721,0.0,3.27868852459
175.0,37.5,25.0,0.0,0.0,37.5,0.0,0.0
85.7142857143,57.1428571429,28.5714285714,0.0,0.0,14.2857142857,0.0,0.0
95.0,35.0,55.0,5.0,0.0,0.0,0.0,5.0
145.454545455,27.2727272727,54.5454545455,0.0,0.0,9.09090909091,0.0,9.09090909091
100.0,0.0,100.0,0.0,0.0,0.0,0.0,0.0
70.5882352941,64.7058823529,23.5294117647,0.0,0.0,11.7647058824,0.0,0.0
107.692307692,53.8461538462,30.7692307692,0.0,0.0,7.69230769231,0.0,7.69230769231
89.4736842105,47.3684210526,36.8421052632,5.26315789474,0.0,10.5263157895,0.0,0.0
204.0,28.0,36.0,4.0,0.0,16.0,0.0,16.0
100.0,46.1538461538,23.0769230769,23.0769230769,0.0,7.69230769231,0.0,0.0
131.578947368,31.5789473684,47.3684210526,10.5263157895,0.0,0.0,0.0,10.5263157895
400.0,0.0,0.0,0.0,0.0,100.0,0.0,0.0
112.121212121,42.4242424242,30.303030303,12.1212121212,3.0303030303,12.1212121212,0.0,0.0
112.121212121,48.4848484848,24.2424242424,9.09090909091,3.0303030303,15.1515151515,0.0,0.0
129.166666667,37.5,29.1666666667,16.6666666667,0.0,16.6666666667,0.0,0.0
105.555555556,44.4444444444,38.8888888889,0.0,0.0,16.6666666667,0.0,0.0
212.5,25.0,37.5,0.0,0.0,25.0,0.0,12.5
50.0,50.0,50.0,0.0,0.0,0.0,0.0,0.0
90.4761904762,33.3333333333,52.380952381,9.52380952381,0.0,4.7619047619,0.0,0.0
212.5,43.75,6.25,0.0,6.25,37.5,0.0,6.25
91.4285714286,42.8571428571,40.0,8.57142857143,0.0,8.57142857143,0.0,0.0
161.538461538,15.3846153846,53.8461538462,7.69230769231,0.0,23.0769230769,0.0,0.0
115.789473684,52.6315789474,21.0526315789,10.5263157895,0.0,10.5263157895,0.0,5.26315789474
100.0,25.0,50.0,25.0,0.0,0.0,0.0,0.0
75.0,50.0,25.0,25.0,0.0,0.0,0.0,0.0
366.666666667,16.6666666667,0.0,33.3333333333,0.0,0.0,0.0,50.0
129.411764706,52.9411764706,11.7647058824,11.7647058824,0.0,23.5294117647,0.0,0.0
28.5714285714,71.4285714286,28.5714285714,0.0,0.0,0.0,0.0,0.0
153.658536585,36.5853658537,31.7073170732,4.87804878049,4.87804878049,17.0731707317,0.0,4.87804878049
132.258064516,25.8064516129,51.6129032258,6.45161290323,3.22580645161,9.67741935484,0.0,3.22580645161
177.777777778,11.1111111111,55.5555555556,16.6666666667,0.0,5.55555555556,0.0,11.1111111111
200.0,0.0,66.6666666667,0.0,0.0,33.3333333333,0.0,0.0
100.0,0.0,100.0,0.0,0.0,0.0,0.0,0.0
100.0,0.0,100.0,0.0,0.0,0.0,0.0,0.0
103.125,40.625,46.875,0.0,0.0,9.375,0.0,3.125
90.0,70.0,10.0,0.0,0.0,20.0,0.0,0.0
131.578947368,47.3684210526,31.5789473684,0.0,0.0,10.5263157895,5.26315789474,5.26315789474
202.564102564,23.0769230769,43.5897435897,2.5641025641,0.0,15.3846153846,0.0,15.3846153846
95.2380952381,47.619047619,38.0952380952,4.7619047619,0.0,4.7619047619,0.0,4.7619047619
112.5,62.5,12.5,0.0,0.0,25.0,0.0,0.0
83.3333333333,41.6666666667,50.0,0.0,0.0,8.33333333333,0.0,0.0
50.0,50.0,50.0,0.0,0.0,0.0,0.0,0.0
188.888888889,33.3333333333,22.2222222222,11.1111111111,0.0,27.7777777778,0.0,5.55555555556
164.705882353,26.4705882353,47.0588235294,8.82352941176,0.0,2.94117647059,0.0,14.7058823529
50.0,50.0,50.0,0.0,0.0,0.0,0.0,0.0
69.2307692308,53.8461538462,38.4615384615,0.0,0.0,7.69230769231,0.0,0.0
0.0,100.0,0.0,0.0,0.0,0.0,0.0,0.0
120.0,40.0,40.0,10.0,0.0,0.0,0.0,10.0
160.0,46.6666666667,13.3333333333,20.0,0.0,6.66666666667,0.0,13.3333333333
0.0,100.0,0.0,0.0,0.0,0.0,0.0,0.0
62.5,75.0,12.5,0.0,0.0,12.5,0.0,0.0
86.6666666667,66.6666666667,20.0,0.0,0.0,6.66666666667,0.0,6.66666666667
126.0,22.0,58.0,8.0,0.0,10.0,0.0,2.0
109.677419355,22.5806451613,58.064516129,12.9032258065,0.0,6.45161290323,0.0,0.0
281.25,6.25,31.25,18.75,0.0,25.0,0.0,18.75
90.9090909091,54.5454545455,36.3636363636,0.0,0.0,0.0,0.0,9.09090909091
166.666666667,55.5555555556,11.1111111111,0.0,0.0,22.2222222222,0.0,11.1111111111
0.0,100.0,0.0,0.0,0.0,0.0,0.0,0.0
125.0,50.0,25.0,0.0,0.0,25.0,0.0,0.0
89.7435897436,43.5897435897,38.4615384615,10.2564102564,0.0,7.69230769231,0.0,0.0
33.3333333333,66.6666666667,33.3333333333,0.0,0.0,0.0,0.0,0.0
50.0,50.0,50.0,0.0,0.0,0.0,0.0,0.0
130.0,35.0,40.0,10.0,0.0,10.0,0.0,5.0
100.0,45.8333333333,33.3333333333,12.5,0.0,4.16666666667,0.0,4.16666666667
0.0,100.0,0.0,0.0,0.0,0.0,0.0,0.0
100.0,0.0,100.0,0.0,0.0,0.0,0.0,0.0
95.0,55.0,30.0,2.5,0.0,7.5,0.0,5.0
116.666666667,50.0,16.6666666667,16.6666666667,0.0,16.6666666667,0.0,0.0
0.0,100.0,0.0,0.0,0.0,0.0,0.0,0.0
100.0,36.3636363636,45.4545454545,9.09090909091,0.0,9.09090909091,0.0,0.0
73.6842105263,42.1052631579,52.6315789474,0.0,0.0,5.26315789474,0.0,0.0
125.925925926,29.6296296296,44.4444444444,11.1111111111,0.0,14.8148148148,0.0,0.0
77.7777777778,66.6666666667,11.1111111111,11.1111111111,0.0,11.1111111111,0.0,0.0
132.727272727,38.1818181818,30.9090909091,12.7272727273,0.0,16.3636363636,0.0,1.81818181818
100.0,42.8571428571,42.8571428571,0.0,0.0,14.2857142857,0.0,0.0
108.695652174,26.0869565217,56.5217391304,8.69565217391,0.0,8.69565217391,0.0,0.0
100.0,0.0,100.0,0.0,0.0,0.0,0.0,0.0
57.1428571429,85.7142857143,0.0,0.0,0.0,14.2857142857,0.0,0.0
125.0,56.25,12.5,12.5,0.0,12.5,0.0,6.25
80.0,60.0,26.6666666667,0.0,0.0,13.3333333333,0.0,0.0
111.111111111,55.5555555556,22.2222222222,0.0,0.0,22.2222222222,0.0,0.0
69.2307692308,61.5384615385,30.7692307692,0.0,0.0,3.84615384615,0.0,3.84615384615
100.0,42.3076923077,34.6153846154,11.5384615385,3.84615384615,7.69230769231,0.0,0.0
153.333333333,33.3333333333,33.3333333333,6.66666666667,0.0,26.6666666667,0.0,0.0
266.666666667,16.6666666667,33.3333333333,16.6666666667,0.0,0.0,0.0,33.3333333333
62.5,50.0,37.5,12.5,0.0,0.0,0.0,0.0
113.333333333,46.6666666667,33.3333333333,0.0,0.0,20.0,0.0,0.0
94.8717948718,46.1538461538,33.3333333333,10.2564102564,0.0,10.2564102564,0.0,0.0
157.142857143,33.3333333333,33.3333333333,11.9047619048,0.0,14.2857142857,0.0,7.14285714286
333.333333333,0.0,33.3333333333,0.0,33.3333333333,0.0,0.0,33.3333333333
100.0,55.5555555556,22.2222222222,11.1111111111,0.0,5.55555555556,0.0,5.55555555556
120.689655172,27.5862068966,44.8275862069,17.2413793103,0.0,10.3448275862,0.0,0.0
188.679245283,20.7547169811,41.5094339623,13.2075471698,0.0,13.2075471698,0.0,11.320754717
100.0,0.0,100.0,0.0,0.0,0.0,0.0,0.0
143.75,25.0,56.25,0.0,0.0,12.5,0.0,6.25
250.0,0.0,50.0,0.0,0.0,50.0,0.0,0.0
77.7777777778,66.6666666667,11.1111111111,11.1111111111,0.0,11.1111111111,0.0,0.0
100.0,40.0,46.6666666667,0.0,0.0,13.3333333333,0.0,0.0
143.137254902,27.4509803922,49.0196078431,3.92156862745,0.0,15.6862745098,0.0,3.92156862745
137.5,37.5,37.5,6.25,0.0,12.5,0.0,6.25
196.153846154,7.69230769231,57.6923076923,7.69230769231,0.0,19.2307692308,0.0,7.69230769231
0.0,100.0,0.0,0.0,0.0,0.0,0.0,0.0
0.0,100.0,0.0,0.0,0.0,0.0,0.0,0.0
0.0,100.0,0.0,0.0,0.0,0.0,0.0,0.0
115.555555556,33.3333333333,44.4444444444,13.3333333333,0.0,4.44444444444,0.0,4.44444444444
100.0,52.380952381,33.3333333333,0.0,0.0,9.52380952381,0.0,4.7619047619
138.888888889,16.6666666667,61.1111111111,5.55555555556,0.0,16.6666666667,0.0,0.0
217.391304348,17.3913043478,34.7826086957,13.0434782609,0.0,26.0869565217,0.0,8.69565217391
207.692307692,30.7692307692,23.0769230769,7.69230769231,0.0,30.7692307692,0.0,7.69230769231
166.666666667,28.8888888889,44.4444444444,2.22222222222,2.22222222222,11.1111111111,0.0,11.1111111111
136.363636364,36.3636363636,45.4545454545,0.0,0.0,9.09090909091,0.0,9.09090909091
78.5714285714,42.8571428571,50.0,0.0,0.0,7.14285714286,0.0,0.0
145.454545455,54.5454545455,18.1818181818,9.09090909091,0.0,0.0,0.0,18.1818181818
100.0,75.0,0.0,0.0,0.0,25.0,0.0,0.0
168.421052632,26.3157894737,47.3684210526,5.26315789474,5.26315789474,0.0,0.0,15.7894736842
33.3333333333,66.6666666667,33.3333333333,0.0,0.0,0.0,0.0,0.0
66.6666666667,33.3333333333,66.6666666667,0.0,0.0,0.0,0.0,0.0
50.0,50.0,50.0,0.0,0.0,0.0,0.0,0.0
120.0,40.0,40.0,0.0,0.0,20.0,0.0,0.0
0.0,100.0,0.0,0.0,0.0,0.0,0.0,0.0
100.0,40.0,42.8571428571,5.71428571429,0.0,11.4285714286,0.0,0.0
60.0,70.0,20.0,0.0,0.0,10.0,0.0,0.0
25.0,75.0,25.0,0.0,0.0,0.0,0.0,0.0
111.111111111,27.7777777778,61.1111111111,2.77777777778,0.0,2.77777777778,0.0,5.55555555556
166.666666667,33.3333333333,33.3333333333,0.0,0.0,33.3333333333,0.0,0.0
109.090909091,22.7272727273,63.6363636364,4.54545454545,0.0,9.09090909091,0.0,0.0
60.0,40.0,60.0,0.0,0.0,0.0,0.0,0.0
200.0,33.3333333333,0.0,33.3333333333,0.0,33.3333333333,0.0,0.0
85.7142857143,42.8571428571,42.8571428571,7.14285714286,0.0,7.14285714286,0.0,0.0
116.0,60.0,12.0,8.0,0.0,16.0,0.0,4.0
110.0,33.3333333333,53.3333333333,0.0,3.33333333333,6.66666666667,0.0,3.33333333333
140.0,31.4285714286,48.5714285714,2.85714285714,0.0,8.57142857143,0.0,8.57142857143
91.6666666667,75.0,8.33333333333,0.0,0.0,8.33333333333,0.0,8.33333333333
47.0588235294,58.8235294118,35.2941176471,5.88235294118,0.0,0.0,0.0,0.0
70.8333333333,66.6666666667,20.8333333333,0.0,0.0,12.5,0.0,0.0
53.3333333333,53.3333333333,40.0,6.66666666667,0.0,0.0,0.0,0.0
122.222222222,11.1111111111,55.5555555556,33.3333333333,0.0,0.0,0.0,0.0
75.0,50.0,25.0,25.0,0.0,0.0,0.0,0.0
68.4210526316,47.3684210526,36.8421052632,15.7894736842,0.0,0.0,0.0,0.0
14.2857142857,85.7142857143,14.2857142857,0.0,0.0,0.0,0.0,0.0
0.0,100.0,0.0,0.0,0.0,0.0,0.0,0.0
0.0,100.0,0.0,0.0,0.0,0.0,0.0,0.0
40.0,80.0,0.0,20.0,0.0,0.0,0.0,0.0
77.7777777778,44.4444444444,44.4444444444,5.55555555556,0.0,5.55555555556,0.0,0.0
137.5,43.75,25.0,6.25,0.0,25.0,0.0,0.0
83.3333333333,66.6666666667,16.6666666667,0.0,0.0,16.6666666667,0.0,0.0
90.0,40.0,50.0,5.0,0.0,0.0,0.0,5.0
57.1428571429,50.0,42.8571428571,7.14285714286,0.0,0.0,0.0,0.0
122.222222222,55.5555555556,11.1111111111,11.1111111111,0.0,22.2222222222,0.0,0.0
91.6666666667,66.6666666667,12.5,4.16666666667,4.16666666667,8.33333333333,0.0,4.16666666667
83.3333333333,61.1111111111,27.7777777778,0.0,0.0,5.55555555556,0.0,5.55555555556
100.0,52.1739130435,30.4347826087,4.34782608696,0.0,8.69565217391,0.0,4.34782608696
33.3333333333,66.6666666667,33.3333333333,0.0,0.0,0.0,0.0,0.0
130.0,26.6666666667,50.0,10.0,0.0,10.0,0.0,3.33333333333
90.9090909091,45.4545454545,36.3636363636,9.09090909091,0.0,9.09090909091,0.0,0.0
227.272727273,27.2727272727,27.2727272727,9.09090909091,0.0,18.1818181818,0.0,18.1818181818
84.6153846154,53.8461538462,30.7692307692,7.69230769231,0.0,3.84615384615,0.0,3.84615384615
50.0,50.0,50.0,0.0,0.0,0.0,0.0,0.0
0.0,100.0,0.0,0.0,0.0,0.0,0.0,0.0
0.0,100.0,0.0,0.0,0.0,0.0,0.0,0.0
128.571428571,57.1428571429,14.2857142857,0.0,0.0,28.5714285714,0.0,0.0
25.0,75.0,25.0,0.0,0.0,0.0,0.0,0.0
83.3333333333,50.0,33.3333333333,8.33333333333,0.0,8.33333333333,0.0,0.0
125.0,37.5,25.0,25.0,0.0,12.5,0.0,0.0
25.0,75.0,25.0,0.0,0.0,0.0,0.0,0.0
0.0,100.0,0.0,0.0,0.0,0.0,0.0,0.0
50.0,50.0,50.0,0.0,0.0,0.0,0.0,0.0
131.707317073,41.4634146341,34.1463414634,2.43902439024,0.0,19.512195122,0.0,2.43902439024
140.625,37.5,28.125,12.5,0.0,21.875,0.0,0.0
136.363636364,63.6363636364,0.0,9.09090909091,9.09090909091,9.09090909091,0.0,9.09090909091
166.666666667,38.0952380952,33.3333333333,4.7619047619,0.0,9.52380952381,0.0,14.2857142857
120.0,40.0,26.6666666667,20.0,0.0,13.3333333333,0.0,0.0
145.0,35.0,40.0,0.0,0.0,22.5,0.0,2.5
139.583333333,29.1666666667,45.8333333333,6.25,2.08333333333,12.5,0.0,4.16666666667
100.0,60.0,20.0,0.0,0.0,20.0,0.0,0.0
80.0,40.0,40.0,20.0,0.0,0.0,0.0,0.0
246.153846154,7.69230769231,38.4615384615,15.3846153846,7.69230769231,15.3846153846,0.0,15.3846153846
166.666666667,33.3333333333,33.3333333333,0.0,0.0,33.3333333333,0.0,0.0
150.0,0.0,50.0,50.0,0.0,0.0,0.0,0.0
106.25,50.0,27.0833333333,6.25,0.0,16.6666666667,0.0,0.0
184.848484848,33.3333333333,21.2121212121,18.1818181818,0.0,18.1818181818,0.0,9.09090909091
100.0,35.7142857143,42.8571428571,14.2857142857,0.0,7.14285714286,0.0,0.0
200.0,21.0526315789,42.1052631579,5.26315789474,0.0,21.0526315789,0.0,10.5263157895
228.571428571,28.5714285714,28.5714285714,0.0,0.0,28.5714285714,0.0,14.2857142857
133.333333333,41.6666666667,33.3333333333,0.0,0.0,25.0,0.0,0.0
85.7142857143,57.1428571429,28.5714285714,0.0,0.0,14.2857142857,0.0,0.0
100.0,55.0,20.0,10.0,0.0,15.0,0.0,0.0
92.8571428571,35.7142857143,50.0,7.14285714286,0.0,7.14285714286,0.0,0.0
265.789473684,10.5263157895,31.5789473684,15.7894736842,2.63157894737,21.0526315789,0.0,18.4210526316
150.0,27.7777777778,44.4444444444,5.55555555556,5.55555555556,11.1111111111,0.0,5.55555555556
109.677419355,48.3870967742,32.2580645161,3.22580645161,0.0,12.9032258065,0.0,3.22580645161
157.142857143,42.8571428571,14.2857142857,14.2857142857,0.0,28.5714285714,0.0,0.0
66.6666666667,66.6666666667,0.0,33.3333333333,0.0,0.0,0.0,0.0
72.2222222222,61.1111111111,27.7777777778,0.0,0.0,11.1111111111,0.0,0.0
160.0,30.0,35.0,10.0,0.0,22.5,0.0,2.5
109.523809524,38.0952380952,33.3333333333,19.0476190476,0.0,9.52380952381,0.0,0.0
110.416666667,43.75,31.25,10.4166666667,0.0,14.5833333333,0.0,0.0
140.0,15.5555555556,62.2222222222,6.66666666667,2.22222222222,11.1111111111,0.0,2.22222222222
200.0,21.4285714286,28.5714285714,21.4285714286,0.0,21.4285714286,0.0,7.14285714286
88.679245283,54.7169811321,28.3018867925,3.77358490566,0.0,13.2075471698,0.0,0.0
171.428571429,21.4285714286,42.8571428571,7.14285714286,0.0,28.5714285714,0.0,0.0
188.888888889,22.2222222222,44.4444444444,5.55555555556,0.0,16.6666666667,0.0,11.1111111111
145.454545455,36.3636363636,36.3636363636,9.09090909091,0.0,9.09090909091,0.0,9.09090909091
100.0,75.0,0.0,0.0,0.0,25.0,0.0,0.0
166.666666667,33.3333333333,33.3333333333,16.6666666667,0.0,0.0,0.0,16.6666666667
89.4736842105,63.1578947368,15.7894736842,5.26315789474,0.0,15.7894736842,0.0,0.0
0.0,100.0,0.0,0.0,0.0,0.0,0.0,0.0
92.3076923077,50.0,38.4615384615,0.0,0.0,7.69230769231,0.0,3.84615384615
162.5,37.5,37.5,0.0,0.0,12.5,0.0,12.5
50.0,50.0,50.0,0.0,0.0,0.0,0.0,0.0
135.294117647,58.8235294118,17.6470588235,0.0,0.0,11.7647058824,0.0,11.7647058824
33.3333333333,66.6666666667,33.3333333333,0.0,0.0,0.0,0.0,0.0
80.0,40.0,40.0,20.0,0.0,0.0,0.0,0.0
54.5454545455,45.4545454545,54.5454545455,0.0,0.0,0.0,0.0,0.0
50.0,50.0,50.0,0.0,0.0,0.0,0.0,0.0
0.0,100.0,0.0,0.0,0.0,0.0,0.0,0.0
159.523809524,28.5714285714,45.2380952381,4.7619047619,0.0,11.9047619048,0.0,9.52380952381
145.0,60.0,15.0,0.0,0.0,10.0,0.0,15.0
190.384615385,15.3846153846,46.1538461538,9.61538461538,1.92307692308,21.1538461538,0.0,5.76923076923
133.333333333,33.3333333333,0.0,66.6666666667,0.0,0.0,0.0,0.0
233.333333333,16.6666666667,33.3333333333,0.0,0.0,50.0,0.0,0.0
146.666666667,36.6666666667,33.3333333333,6.66666666667,0.0,20.0,0.0,3.33333333333
100.0,33.3333333333,33.3333333333,33.3333333333,0.0,0.0,0.0,0.0
33.3333333333,66.6666666667,33.3333333333,0.0,0.0,0.0,0.0,0.0
37.5,62.5,37.5,0.0,0.0,0.0,0.0,0.0
233.333333333,33.3333333333,33.3333333333,0.0,0.0,0.0,0.0,33.3333333333
176.923076923,23.0769230769,53.8461538462,0.0,0.0,7.69230769231,0.0,15.3846153846
118.181818182,33.3333333333,45.4545454545,9.09090909091,0.0,9.09090909091,0.0,3.0303030303
75.0,37.5,50.0,12.5,0.0,0.0,0.0,0.0
107.692307692,53.8461538462,30.7692307692,0.0,0.0,7.69230769231,0.0,7.69230769231
0.0,100.0,0.0,0.0,0.0,0.0,0.0,0.0
131.25,31.25,43.75,6.25,0.0,18.75,0.0,0.0
120.3125,34.375,43.75,7.8125,1.5625,9.375,0.0,3.125
33.3333333333,66.6666666667,33.3333333333,0.0,0.0,0.0,0.0,0.0
72.7272727273,45.4545454545,36.3636363636,18.1818181818,0.0,0.0,0.0,0.0
100.0,33.3333333333,33.3333333333,33.3333333333,0.0,0.0,0.0,0.0
133.333333333,0.0,66.6666666667,33.3333333333,0.0,0.0,0.0,0.0
100.0,0.0,100.0,0.0,0.0,0.0,0.0,0.0
57.1428571429,85.7142857143,0.0,0.0,0.0,14.2857142857,0.0,0.0
120.408163265,36.7346938776,42.8571428571,8.16326530612,0.0,6.12244897959,0.0,6.12244897959
124.0,32.0,52.0,0.0,0.0,12.0,0.0,4.0
142.424242424,24.2424242424,51.5151515152,6.06060606061,0.0,15.1515151515,0.0,3.0303030303
92.3076923077,53.8461538462,30.7692307692,0.0,0.0,15.3846153846,0.0,0.0
113.636363636,40.9090909091,34.0909090909,9.09090909091,2.27272727273,13.6363636364,0.0,0.0
33.3333333333,66.6666666667,33.3333333333,0.0,0.0,0.0,0.0,0.0
100.0,33.3333333333,46.6666666667,13.3333333333,0.0,6.66666666667,0.0,0.0
147.619047619,28.5714285714,42.8571428571,9.52380952381,0.0,14.2857142857,0.0,4.7619047619
50.0,66.6666666667,16.6666666667,16.6666666667,0.0,0.0,0.0,0.0
150.0,20.0,50.0,10.0,0.0,20.0,0.0,0.0
260.0,20.0,20.0,20.0,0.0,20.0,0.0,20.0
88.5714285714,37.1428571429,51.4285714286,2.85714285714,2.85714285714,5.71428571429,0.0,0.0
100.0,60.0,20.0,0.0,0.0,20.0,0.0,0.0
50.0,50.0,50.0,0.0,0.0,0.0,0.0,0.0
50.0,71.4285714286,21.4285714286,0.0,0.0,7.14285714286,0.0,0.0
142.857142857,28.5714285714,57.1428571429,0.0,0.0,0.0,0.0,14.2857142857
62.5,37.5,62.5,0.0,0.0,0.0,0.0,0.0
45.4545454545,54.5454545455,45.4545454545,0.0,0.0,0.0,0.0,0.0
71.4285714286,28.5714285714,71.4285714286,0.0,0.0,0.0,0.0,0.0
33.3333333333,66.6666666667,33.3333333333,0.0,0.0,0.0,0.0,0.0
25.0,75.0,25.0,0.0,0.0,0.0,0.0,0.0
100.0,0.0,100.0,0.0,0.0,0.0,0.0,0.0
100.0,58.8235294118,17.6470588235,5.88235294118,0.0,17.6470588235,0.0,0.0
57.1428571429,85.7142857143,0.0,0.0,0.0,14.2857142857,0.0,0.0
170.689655172,24.1379310345,43.1034482759,8.62068965517,0.0,17.2413793103,0.0,6.89655172414
118.181818182,31.8181818182,45.4545454545,9.09090909091,0.0,13.6363636364,0.0,0.0
188.235294118,11.7647058824,58.8235294118,5.88235294118,0.0,11.7647058824,0.0,11.7647058824
146.153846154,46.1538461538,23.0769230769,0.0,0.0,30.7692307692,0.0,0.0
180.0,50.0,0.0,10.0,0.0,40.0,0.0,0.0
117.142857143,37.1428571429,42.8571428571,5.71428571429,0.0,11.4285714286,0.0,2.85714285714
66.6666666667,83.3333333333,0.0,0.0,0.0,16.6666666667,0.0,0.0
118.518518519,37.037037037,37.037037037,11.1111111111,0.0,14.8148148148,0.0,0.0
100.0,12.5,75.0,12.5,0.0,0.0,0.0,0.0
209.090909091,36.3636363636,27.2727272727,0.0,0.0,18.1818181818,0.0,18.1818181818
190.0,20.0,40.0,0.0,10.0,30.0,0.0,0.0
400.0,0.0,0.0,0.0,0.0,100.0,0.0,0.0
84.6153846154,46.1538461538,38.4615384615,7.69230769231,0.0,7.69230769231,0.0,0.0
90.9090909091,72.7272727273,0.0,9.09090909091,0.0,18.1818181818,0.0,0.0
100.0,34.4827586207,51.724137931,6.89655172414,0.0,3.44827586207,0.0,3.44827586207
113.793103448,37.9310344828,44.8275862069,6.89655172414,0.0,3.44827586207,0.0,6.89655172414
0.0,100.0,0.0,0.0,0.0,0.0,0.0,0.0
78.5714285714,28.5714285714,64.2857142857,7.14285714286,0.0,0.0,0.0,0.0
50.0,56.25,37.5,6.25,0.0,0.0,0.0,0.0
80.0,20.0,80.0,0.0,0.0,0.0,0.0,0.0
100.0,50.0,0.0,50.0,0.0,0.0,0.0,0.0
0.0,100.0,0.0,0.0,0.0,0.0,0.0,0.0
115.384615385,61.5384615385,7.69230769231,7.69230769231,0.0,23.0769230769,0.0,0.0
68.0,68.0,20.0,4.0,0.0,4.0,0.0,4.0
90.243902439,34.1463414634,56.0975609756,2.43902439024,0.0,7.31707317073,0.0,0.0
113.043478261,34.7826086957,52.1739130435,0.0,0.0,8.69565217391,0.0,4.34782608696
185.714285714,28.5714285714,42.8571428571,0.0,0.0,14.2857142857,0.0,14.2857142857
133.333333333,66.6666666667,0.0,0.0,0.0,33.3333333333,0.0,0.0
129.787234043,31.914893617,44.6808510638,8.51063829787,0.0,10.6382978723,0.0,4.25531914894
107.142857143,42.8571428571,35.7142857143,7.14285714286,0.0,14.2857142857,0.0,0.0
71.4285714286,71.4285714286,14.2857142857,0.0,0.0,14.2857142857,0.0,0.0
125.0,50.0,25.0,0.0,0.0,25.0,0.0,0.0
0.0,100.0,0.0,0.0,0.0,0.0,0.0,0.0
0.0,100.0,0.0,0.0,0.0,0.0,0.0,0.0
122.222222222,50.0,27.7777777778,0.0,5.55555555556,11.1111111111,0.0,5.55555555556
168.421052632,31.5789473684,31.5789473684,15.7894736842,0.0,10.5263157895,0.0,10.5263157895
33.3333333333,66.6666666667,33.3333333333,0.0,0.0,0.0,0.0,0.0
118.181818182,45.4545454545,27.2727272727,9.09090909091,0.0,18.1818181818,0.0,0.0
0.0,100.0,0.0,0.0,0.0,0.0,0.0,0.0
90.0,55.0,30.0,0.0,0.0,15.0,0.0,0.0
82.5,52.5,30.0,10.0,2.5,2.5,0.0,2.5
85.7142857143,57.1428571429,28.5714285714,0.0,0.0,14.2857142857,0.0,0.0
138.888888889,38.8888888889,38.8888888889,5.55555555556,0.0,5.55555555556,0.0,11.1111111111
0.0,100.0,0.0,0.0,0.0,0.0,0.0,0.0
33.3333333333,66.6666666667,33.3333333333,0.0,0.0,0.0,0.0,0.0
75.0,50.0,25.0,25.0,0.0,0.0,0.0,0.0
0.0,100.0,0.0,0.0,0.0,0.0,0.0,0.0
0.0,100.0,0.0,0.0,0.0,0.0,0.0,0.0
35.7142857143,64.2857142857,35.7142857143,0.0,0.0,0.0,0.0,0.0
91.6666666667,36.1111111111,52.7777777778,5.55555555556,0.0,2.77777777778,0.0,2.77777777778
121.428571429,35.7142857143,35.7142857143,14.2857142857,0.0,14.2857142857,0.0,0.0
127.272727273,18.1818181818,63.6363636364,9.09090909091,0.0,4.54545454545,0.0,4.54545454545
100.0,27.2727272727,45.4545454545,27.2727272727,0.0,0.0,0.0,0.0
33.3333333333,66.6666666667,33.3333333333,0.0,0.0,0.0,0.0,0.0
107.692307692,38.4615384615,30.7692307692,23.0769230769,0.0,7.69230769231,0.0,0.0
0.0,100.0,0.0,0.0,0.0,0.0,0.0,0.0
100.0,50.0,0.0,50.0,0.0,0.0,0.0,0.0
0.0,100.0,0.0,0.0,0.0,0.0,0.0,0.0
100.0,0.0,100.0,0.0,0.0,0.0,0.0,0.0
0.0,100.0,0.0,0.0,0.0,0.0,0.0,0.0
93.3333333333,66.6666666667,13.3333333333,0.0,0.0,20.0,0.0,0.0
91.1111111111,46.6666666667,35.5555555556,6.66666666667,2.22222222222,8.88888888889,0.0,0.0
112.5,56.25,18.75,6.25,6.25,6.25,0.0,6.25
88.8888888889,51.8518518519,29.6296296296,7.40740740741,0.0,11.1111111111,0.0,0.0
157.142857143,28.5714285714,42.8571428571,0.0,0.0,28.5714285714,0.0,0.0
75.0,25.0,75.0,0.0,0.0,0.0,0.0,0.0
100.0,50.0,30.0,5.0,0.0,15.0,0.0,0.0
110.0,44.0,28.0,14.0,2.0,12.0,0.0,0.0
50.0,50.0,50.0,0.0,0.0,0.0,0.0,0.0
66.6666666667,66.6666666667,0.0,33.3333333333,0.0,0.0,0.0,0.0
85.7142857143,35.7142857143,42.8571428571,21.4285714286,0.0,0.0,0.0,0.0
209.090909091,27.2727272727,9.09090909091,27.2727272727,0.0,36.3636363636,0.0,0.0
78.5714285714,57.1428571429,25.0,7.14285714286,3.57142857143,7.14285714286,0.0,0.0
90.0,60.0,20.0,0.0,10.0,10.0,0.0,0.0
50.0,50.0,50.0,0.0,0.0,0.0,0.0,0.0
0.0,100.0,0.0,0.0,0.0,0.0,0.0,0.0
205.882352941,35.2941176471,29.4117647059,0.0,0.0,17.6470588235,0.0,17.6470588235
178.260869565,26.0869565217,39.1304347826,13.0434782609,0.0,8.69565217391,0.0,13.0434782609
0.0,100.0,0.0,0.0,0.0,0.0,0.0,0.0
185.714285714,35.7142857143,14.2857142857,14.2857142857,0.0,35.7142857143,0.0,0.0
143.902439024,31.7073170732,41.4634146341,7.31707317073,0.0,14.6341463415,0.0,4.87804878049
110.810810811,27.027027027,56.7567567568,5.40540540541,0.0,10.8108108108,0.0,0.0
186.956521739,21.7391304348,47.8260869565,4.34782608696,0.0,13.0434782609,0.0,13.0434782609
40.0,60.0,40.0,0.0,0.0,0.0,0.0,0.0
123.529411765,52.9411764706,17.6470588235,5.88235294118,0.0,23.5294117647,0.0,0.0
122.580645161,25.8064516129,58.064516129,3.22580645161,0.0,9.67741935484,0.0,3.22580645161
130.434782609,26.0869565217,52.1739130435,4.34782608696,0.0,17.3913043478,0.0,0.0
133.333333333,33.3333333333,53.3333333333,0.0,0.0,0.0,0.0,13.3333333333
40.0,60.0,40.0,0.0,0.0,0.0,0.0,0.0
244.444444444,33.3333333333,22.2222222222,7.40740740741,0.0,7.40740740741,0.0,29.6296296296
95.0,50.0,35.0,0.0,0.0,15.0,0.0,0.0
145.283018868,39.6226415094,35.8490566038,5.66037735849,0.0,7.54716981132,0.0,11.320754717
132.558139535,37.2093023256,39.5348837209,4.6511627907,0.0,13.9534883721,0.0,4.6511627907
300.0,50.0,0.0,0.0,0.0,0.0,0.0,50.0
0.0,100.0,0.0,0.0,0.0,0.0,0.0,0.0
200.0,50.0,0.0,0.0,0.0,50.0,0.0,0.0
157.407407407,35.1851851852,31.4814814815,9.25925925926,0.0,18.5185185185,0.0,5.55555555556
200.0,50.0,0.0,0.0,0.0,50.0,0.0,0.0
148.780487805,26.8292682927,46.3414634146,4.87804878049,0.0,19.512195122,0.0,2.43902439024
50.0,50.0,50.0,0.0,0.0,0.0,0.0,0.0
200.0,33.3333333333,33.3333333333,0.0,0.0,16.6666666667,0.0,16.6666666667
100.0,46.1538461538,34.6153846154,3.84615384615,3.84615384615,11.5384615385,0.0,0.0
134.782608696,43.4782608696,21.7391304348,17.3913043478,0.0,13.0434782609,0.0,4.34782608696
63.6363636364,54.5454545455,27.2727272727,18.1818181818,0.0,0.0,0.0,0.0
165.714285714,25.7142857143,42.8571428571,11.4285714286,2.85714285714,5.71428571429,0.0,11.4285714286
141.176470588,5.88235294118,70.5882352941,11.7647058824,0.0,11.7647058824,0.0,0.0
150.0,12.5,50.0,25.0,0.0,12.5,0.0,0.0
0.0,100.0,0.0,0.0,0.0,0.0,0.0,0.0
133.333333333,58.3333333333,16.6666666667,0.0,0.0,16.6666666667,0.0,8.33333333333
115.0,60.0,15.0,5.0,0.0,15.0,0.0,5.0
118.918918919,24.3243243243,54.0540540541,13.5135135135,0.0,5.40540540541,0.0,2.7027027027
50.0,50.0,50.0,0.0,0.0,0.0,0.0,0.0
80.0,40.0,40.0,20.0,0.0,0.0,0.0,0.0
87.5,43.75,37.5,12.5,0.0,6.25,0.0,0.0
80.0,20.0,80.0,0.0,0.0,0.0,0.0,0.0
133.333333333,22.2222222222,66.6666666667,0.0,0.0,0.0,0.0,11.1111111111
0.0,100.0,0.0,0.0,0.0,0.0,0.0,0.0
77.7777777778,55.5555555556,11.1111111111,33.3333333333,0.0,0.0,0.0,0.0
119.047619048,47.619047619,33.3333333333,4.7619047619,0.0,4.7619047619,0.0,9.52380952381
150.0,31.25,40.625,9.375,3.125,6.25,0.0,9.375
140.425531915,25.5319148936,51.0638297872,4.25531914894,0.0,17.0212765957,0.0,2.12765957447
150.0,40.0,30.0,15.0,0.0,0.0,0.0,15.0
70.5882352941,58.8235294118,29.4117647059,0.0,5.88235294118,5.88235294118,0.0,0.0
25.0,75.0,25.0,0.0,0.0,0.0,0.0,0.0
14.2857142857,85.7142857143,14.2857142857,0.0,0.0,0.0,0.0,0.0
163.636363636,29.5454545455,40.9090909091,4.54545454545,0.0,18.1818181818,0.0,6.81818181818
140.0,20.0,60.0,3.33333333333,0.0,13.3333333333,0.0,3.33333333333
0.0,100.0,0.0,0.0,0.0,0.0,0.0,0.0
133.333333333,16.6666666667,66.6666666667,0.0,0.0,16.6666666667,0.0,0.0
111.111111111,44.4444444444,22.2222222222,22.2222222222,0.0,11.1111111111,0.0,0.0
200.0,0.0,0.0,100.0,0.0,0.0,0.0,0.0
135.294117647,58.8235294118,17.6470588235,5.88235294118,0.0,0.0,0.0,17.6470588235
159.459459459,32.4324324324,29.7297297297,13.5135135135,0.0,21.6216216216,0.0,2.7027027027
100.0,42.8571428571,42.8571428571,0.0,0.0,14.2857142857,0.0,0.0
155.555555556,22.2222222222,44.4444444444,11.1111111111,0.0,22.2222222222,0.0,0.0
121.428571429,35.7142857143,50.0,0.0,0.0,7.14285714286,0.0,7.14285714286
100.0,28.5714285714,42.8571428571,28.5714285714,0.0,0.0,0.0,0.0
214.285714286,14.2857142857,42.8571428571,14.2857142857,0.0,14.2857142857,0.0,14.2857142857
28.5714285714,71.4285714286,28.5714285714,0.0,0.0,0.0,0.0,0.0
100.0,0.0,100.0,0.0,0.0,0.0,0.0,0.0
80.0,80.0,0.0,0.0,0.0,20.0,0.0,0.0
50.0,75.0,12.5,0.0,12.5,0.0,0.0,0.0
92.3076923077,53.8461538462,30.7692307692,0.0,0.0,15.3846153846,0.0,0.0
100.0,75.0,0.0,0.0,0.0,25.0,0.0,0.0
118.75,43.75,43.75,0.0,0.0,0.0,0.0,12.5
127.586206897,34.4827586207,41.3793103448,6.89655172414,3.44827586207,10.3448275862,0.0,3.44827586207
71.4285714286,57.1428571429,28.5714285714,7.14285714286,0.0,7.14285714286,0.0,0.0
144.444444444,44.4444444444,18.5185185185,11.1111111111,0.0,25.9259259259,0.0,0.0
175.0,50.0,25.0,0.0,0.0,0.0,0.0,25.0
161.538461538,38.4615384615,30.7692307692,3.84615384615,0.0,19.2307692308,0.0,7.69230769231
102.272727273,47.7272727273,34.0909090909,2.27272727273,0.0,15.9090909091,0.0,0.0
69.2307692308,53.8461538462,38.4615384615,0.0,0.0,7.69230769231,0.0,0.0
183.333333333,37.5,33.3333333333,0.0,0.0,12.5,0.0,16.6666666667
169.230769231,30.7692307692,30.7692307692,15.3846153846,0.0,15.3846153846,0.0,7.69230769231
92.8571428571,50.0,30.9523809524,9.52380952381,0.0,7.14285714286,0.0,2.38095238095
87.5,75.0,12.5,0.0,0.0,0.0,0.0,12.5
14.2857142857,85.7142857143,14.2857142857,0.0,0.0,0.0,0.0,0.0
0.0,100.0,0.0,0.0,0.0,0.0,0.0,0.0
136.363636364,45.4545454545,27.2727272727,0.0,0.0,27.2727272727,0.0,0.0
168.965517241,31.0344827586,37.9310344828,6.89655172414,0.0,13.7931034483,0.0,10.3448275862
150.0,25.0,50.0,0.0,0.0,25.0,0.0,0.0
325.0,25.0,25.0,0.0,0.0,0.0,0.0,50.0
33.3333333333,66.6666666667,33.3333333333,0.0,0.0,0.0,0.0,0.0
33.3333333333,66.6666666667,33.3333333333,0.0,0.0,0.0,0.0,0.0
67.8571428571,46.4285714286,39.2857142857,14.2857142857,0.0,0.0,0.0,0.0
0.0,100.0,0.0,0.0,0.0,0.0,0.0,0.0
119.565217391,39.1304347826,36.9565217391,8.69565217391,0.0,13.0434782609,0.0,2.17391304348
121.052631579,31.5789473684,47.3684210526,10.5263157895,0.0,5.26315789474,0.0,5.26315789474
130.769230769,7.69230769231,53.8461538462,38.4615384615,0.0,0.0,0.0,0.0
0.0,100.0,0.0,0.0,0.0,0.0,0.0,0.0
133.333333333,33.3333333333,0.0,66.6666666667,0.0,0.0,0.0,0.0
104.166666667,54.1666666667,20.8333333333,12.5,0.0,8.33333333333,0.0,4.16666666667
48.0,72.0,24.0,0.0,0.0,0.0,0.0,4.0
55.0,50.0,45.0,5.0,0.0,0.0,0.0,0.0
71.4285714286,28.5714285714,71.4285714286,0.0,0.0,0.0,0.0,0.0
100.0,37.5,50.0,0.0,0.0,12.5,0.0,0.0
114.285714286,28.5714285714,57.1428571429,0.0,0.0,14.2857142857,0.0,0.0
42.8571428571,71.4285714286,14.2857142857,14.2857142857,0.0,0.0,0.0,0.0
200.0,66.6666666667,0.0,0.0,0.0,0.0,0.0,33.3333333333
216.666666667,25.0,16.6666666667,25.0,0.0,25.0,0.0,8.33333333333
50.0,50.0,50.0,0.0,0.0,0.0,0.0,0.0
0.0,100.0,0.0,0.0,0.0,0.0,0.0,0.0
71.4285714286,71.4285714286,14.2857142857,0.0,0.0,14.2857142857,0.0,0.0
20.0,80.0,20.0,0.0,0.0,0.0,0.0,0.0
181.818181818,27.2727272727,36.3636363636,9.09090909091,0.0,18.1818181818,0.0,9.09090909091
134.042553191,38.2978723404,36.170212766,2.12765957447,0.0,23.4042553191,0.0,0.0
120.0,40.0,40.0,0.0,0.0,20.0,0.0,0.0
250.0,25.0,25.0,0.0,0.0,37.5,0.0,12.5
0.0,100.0,0.0,0.0,0.0,0.0,0.0,0.0
50.0,50.0,50.0,0.0,0.0,0.0,0.0,0.0
0.0,100.0,0.0,0.0,0.0,0.0,0.0,0.0
0.0,100.0,0.0,0.0,0.0,0.0,0.0,0.0
183.333333333,50.0,16.6666666667,0.0,0.0,16.6666666667,0.0,16.6666666667
118.181818182,31.8181818182,45.4545454545,9.09090909091,0.0,13.6363636364,0.0,0.0
100.0,44.0,44.0,0.0,0.0,8.0,0.0,4.0
0.0,100.0,0.0,0.0,0.0,0.0,0.0,0.0
104.761904762,47.619047619,28.5714285714,14.2857142857,0.0,4.7619047619,0.0,4.7619047619
93.3333333333,53.3333333333,26.6666666667,6.66666666667,0.0,13.3333333333,0.0,0.0
62.5,37.5,62.5,0.0,0.0,0.0,0.0,0.0
150.0,33.3333333333,50.0,0.0,0.0,0.0,0.0,16.6666666667
100.0,0.0,100.0,0.0,0.0,0.0,0.0,0.0
193.103448276,41.3793103448,20.6896551724,3.44827586207,0.0,20.6896551724,0.0,13.7931034483
215.384615385,38.4615384615,30.7692307692,0.0,0.0,0.0,0.0,30.7692307692
166.666666667,33.3333333333,33.3333333333,0.0,0.0,33.3333333333,0.0,0.0
400.0,0.0,0.0,0.0,0.0,100.0,0.0,0.0
120.0,40.0,40.0,0.0,0.0,20.0,0.0,0.0
168.421052632,26.3157894737,42.1052631579,10.5263157895,0.0,10.5263157895,0.0,10.5263157895
0.0,100.0,0.0,0.0,0.0,0.0,0.0,0.0
122.222222222,44.4444444444,33.3333333333,11.1111111111,0.0,0.0,0.0,11.1111111111
240.0,20.0,40.0,0.0,0.0,20.0,0.0,20.0
175.0,25.0,25.0,25.0,0.0,25.0,0.0,0.0
120.0,40.0,35.0,5.0,5.0,15.0,0.0,0.0
152.941176471,41.1764705882,29.4117647059,8.82352941176,0.0,8.82352941176,0.0,11.7647058824
71.4285714286,64.2857142857,28.5714285714,0.0,0.0,0.0,0.0,7.14285714286
42.8571428571,57.1428571429,42.8571428571,0.0,0.0,0.0,0.0,0.0
136.363636364,13.6363636364,72.7272727273,4.54545454545,0.0,0.0,0.0,9.09090909091
191.304347826,21.7391304348,43.4782608696,0.0,0.0,30.4347826087,0.0,4.34782608696
400.0,0.0,0.0,0.0,0.0,100.0,0.0,0.0
107.692307692,61.5384615385,15.3846153846,0.0,0.0,23.0769230769,0.0,0.0
40.0,60.0,40.0,0.0,0.0,0.0,0.0,0.0
88.8888888889,55.5555555556,33.3333333333,0.0,0.0,5.55555555556,0.0,5.55555555556
110.0,50.0,30.0,0.0,0.0,20.0,0.0,0.0
77.7777777778,55.5555555556,33.3333333333,0.0,0.0,11.1111111111,0.0,0.0
85.7142857143,39.2857142857,50.0,3.57142857143,0.0,7.14285714286,0.0,0.0
130.434782609,30.4347826087,47.8260869565,4.34782608696,4.34782608696,8.69565217391,0.0,4.34782608696
0.0,100.0,0.0,0.0,0.0,0.0,0.0,0.0
88.8888888889,22.2222222222,66.6666666667,11.1111111111,0.0,0.0,0.0,0.0
120.0,60.0,0.0,20.0,0.0,20.0,0.0,0.0
83.3333333333,66.6666666667,16.6666666667,0.0,0.0,16.6666666667,0.0,0.0
58.8235294118,52.9411764706,35.2941176471,11.7647058824,0.0,0.0,0.0,0.0
82.7586206897,48.275862069,37.9310344828,3.44827586207,3.44827586207,6.89655172414,0.0,0.0
100.0,33.3333333333,55.5555555556,0.0,0.0,11.1111111111,0.0,0.0
168.965517241,27.5862068966,37.9310344828,13.7931034483,0.0,10.3448275862,0.0,10.3448275862
20.0,80.0,20.0,0.0,0.0,0.0,0.0,0.0
62.5,50.0,37.5,12.5,0.0,0.0,0.0,0.0
50.0,50.0,50.0,0.0,0.0,0.0,0.0,0.0
66.6666666667,33.3333333333,66.6666666667,0.0,0.0,0.0,0.0,0.0
127.027027027,29.7297297297,51.3513513514,0.0,0.0,18.9189189189,0.0,0.0
120.0,42.8571428571,34.2857142857,8.57142857143,0.0,8.57142857143,0.0,5.71428571429
46.1538461538,53.8461538462,46.1538461538,0.0,0.0,0.0,0.0,0.0
50.0,50.0,50.0,0.0,0.0,0.0,0.0,0.0
40.0,60.0,40.0,0.0,0.0,0.0,0.0,0.0
141.666666667,50.0,25.0,8.33333333333,0.0,0.0,0.0,16.6666666667
250.0,0.0,50.0,0.0,0.0,50.0,0.0,0.0
148.275862069,24.1379310345,51.724137931,3.44827586207,0.0,17.2413793103,0.0,3.44827586207
115.0,35.0,40.0,10.0,5.0,10.0,0.0,0.0
195.238095238,9.52380952381,57.1428571429,9.52380952381,0.0,11.9047619048,0.0,11.9047619048
242.857142857,25.0,21.4285714286,14.2857142857,0.0,21.4285714286,0.0,17.8571428571
100.0,57.1428571429,14.2857142857,14.2857142857,0.0,14.2857142857,0.0,0.0
61.1111111111,55.5555555556,38.8888888889,0.0,0.0,5.55555555556,0.0,0.0
53.3333333333,53.3333333333,40.0,6.66666666667,0.0,0.0,0.0,0.0
150.0,31.25,50.0,0.0,0.0,6.25,0.0,12.5
107.142857143,21.4285714286,64.2857142857,7.14285714286,0.0,7.14285714286,0.0,0.0
0.0,100.0,0.0,0.0,0.0,0.0,0.0,0.0
85.7142857143,28.5714285714,57.1428571429,14.2857142857,0.0,0.0,0.0,0.0
0.0,100.0,0.0,0.0,0.0,0.0,0.0,0.0
0.0,100.0,0.0,0.0,0.0,0.0,0.0,0.0
33.3333333333,66.6666666667,33.3333333333,0.0,0.0,0.0,0.0,0.0
84.6153846154,41.0256410256,48.7179487179,2.5641025641,0.0,7.69230769231,0.0,0.0
12.5,87.5,12.5,0.0,0.0,0.0,0.0,0.0
110.714285714,50.0,28.5714285714,0.0,3.57142857143,17.8571428571,0.0,0.0
138.095238095,38.0952380952,42.8571428571,4.7619047619,0.0,0.0,0.0,14.2857142857
183.333333333,50.0,16.6666666667,0.0,0.0,16.6666666667,0.0,16.6666666667
127.272727273,36.3636363636,36.3636363636,9.09090909091,0.0,18.1818181818,0.0,0.0
100.0,0.0,100.0,0.0,0.0,0.0,0.0,0.0
200.0,0.0,0.0,100.0,0.0,0.0,0.0,0.0
120.0,70.0,0.0,0.0,0.0,30.0,0.0,0.0
90.0,45.0,40.0,10.0,0.0,0.0,0.0,5.0
160.0,40.0,26.6666666667,0.0,0.0,33.3333333333,0.0,0.0
0.0,100.0,0.0,0.0,0.0,0.0,0.0,0.0
33.3333333333,66.6666666667,33.3333333333,0.0,0.0,0.0,0.0,0.0
47.619047619,57.1428571429,38.0952380952,4.7619047619,0.0,0.0,0.0,0.0
186.206896552,31.0344827586,34.4827586207,10.3448275862,0.0,6.89655172414,0.0,17.2413793103
100.0,54.5454545455,27.2727272727,0.0,0.0,18.1818181818,0.0,0.0
116.216216216,48.6486486486,24.3243243243,8.10810810811,0.0,18.9189189189,0.0,0.0
116.666666667,38.8888888889,38.8888888889,5.55555555556,0.0,16.6666666667,0.0,0.0
75.0,62.5,25.0,0.0,0.0,12.5,0.0,0.0
0.0,100.0,0.0,0.0,0.0,0.0,0.0,0.0
158.823529412,29.4117647059,41.1764705882,5.88235294118,0.0,17.6470588235,0.0,5.88235294118
95.0,35.0,55.0,0.0,0.0,10.0,0.0,0.0
200.0,50.0,0.0,0.0,0.0,50.0,0.0,0.0
182.352941176,11.7647058824,52.9411764706,5.88235294118,0.0,29.4117647059,0.0,0.0
140.909090909,38.6363636364,34.0909090909,6.81818181818,0.0,13.6363636364,2.27272727273,4.54545454545
129.62962963,40.7407407407,40.7407407407,0.0,0.0,11.1111111111,0.0,7.40740740741
129.411764706,35.2941176471,35.2941176471,11.7647058824,0.0,17.6470588235,0.0,0.0
25.0,75.0,25.0,0.0,0.0,0.0,0.0,0.0
183.333333333,16.6666666667,50.0,16.6666666667,0.0,0.0,0.0,16.6666666667
154.545454545,36.3636363636,27.2727272727,18.1818181818,0.0,9.09090909091,0.0,9.09090909091
150.0,25.0,50.0,0.0,0.0,25.0,0.0,0.0
200.0,50.0,0.0,0.0,0.0,50.0,0.0,0.0
100.0,75.0,0.0,0.0,0.0,25.0,0.0,0.0
0.0,100.0,0.0,0.0,0.0,0.0,0.0,0.0
80.7692307692,57.6923076923,26.9230769231,3.84615384615,0.0,11.5384615385,0.0,0.0
40.0,60.0,40.0,0.0,0.0,0.0,0.0,0.0
102.777777778,33.3333333333,52.7777777778,2.77777777778,0.0,11.1111111111,0.0,0.0
187.5,28.125,37.5,3.125,0.0,21.875,0.0,9.375
175.0,37.5,25.0,0.0,0.0,37.5,0.0,0.0
100.0,33.3333333333,33.3333333333,33.3333333333,0.0,0.0,0.0,0.0
50.0,50.0,50.0,0.0,0.0,0.0,0.0,0.0
0.0,100.0,0.0,0.0,0.0,0.0,0.0,0.0
100.0,0.0,100.0,0.0,0.0,0.0,0.0,0.0
50.0,50.0,50.0,0.0,0.0,0.0,0.0,0.0
90.0,50.0,30.0,10.0,0.0,10.0,0.0,0.0
0.0,100.0,0.0,0.0,0.0,0.0,0.0,0.0
0.0,100.0,0.0,0.0,0.0,0.0,0.0,0.0
93.75,62.5,18.75,0.0,0.0,18.75,0.0,0.0
0.0,100.0,0.0,0.0,0.0,0.0,0.0,0.0
140.0,42.2222222222,33.3333333333,6.66666666667,0.0,6.66666666667,0.0,11.1111111111
100.0,60.0,20.0,10.0,0.0,0.0,0.0,10.0
0.0,100.0,0.0,0.0,0.0,0.0,0.0,0.0
50.0,50.0,50.0,0.0,0.0,0.0,0.0,0.0
0.0,100.0,0.0,0.0,0.0,0.0,0.0,0.0
